timestamp,EMG_0,EMG_1,EMG_2,EMG_3,EMG_4,EMG_5,EMG_6,EMG_7,quat_0,quat_1,quat_2,quat_3,acc_0,acc_1,acc_2,gyro_0,gyro_1,gyro_2
2025-11-19T12:57:06.922934,63,98,216,175,43,27,32,83,11283,-9580,4408,-5471,64,-2003,347,2,-3,-16
2025-11-19T12:57:06.936745,62,77,190,145,37,28,33,86,11287,-9576,4403,-5473,24,-2051,351,44,-12,-20
2025-11-19T12:57:06.957167,64,89,195,137,41,33,45,89,11291,-9570,4400,-5478,33,-1998,348,49,8,-15
2025-11-19T12:57:06.979359,64,86,175,143,40,33,44,90,11288,-9573,4403,-5478,23,-1989,340,-21,10,-10
2025-11-19T12:57:06.993765,63,87,181,126,35,32,44,81,11283,-9577,4404,-5478,58,-2043,359,-33,5,-5
2025-11-19T12:57:07.017705,45,62,174,127,38,32,43,97,11285,-9573,4403,-5481,57,-2032,366,23,10,1
2025-11-19T12:57:07.039695,44,73,183,131,38,31,43,101,11289,-9567,4400,-5486,52,-2025,373,39,9,-6
2025-11-19T12:57:07.054379,45,65,212,144,35,23,38,127,11290,-9567,4400,-5486,47,-2011,373,7,7,-3
2025-11-19T12:57:07.080318,52,67,210,149,37,24,43,131,11286,-9570,4402,-5487,55,-2028,370,-34,12,-2
2025-11-19T12:57:07.102271,56,78,193,146,40,23,42,138,11286,-9570,4402,-5487,48,-2068,377,-2,1,-9
2025-11-19T12:57:07.116816,50,78,184,141,38,23,41,125,11289,-9564,4397,-5493,52,-2022,359,47,5,-19
2025-11-19T12:57:07.140264,49,88,187,137,40,28,46,123,11291,-9561,4395,-5497,49,-1997,351,30,9,-16
2025-11-19T12:57:07.161959,47,84,136,117,41,29,41,93,11291,-9561,4394,-5497,51,-2010,359,-10,1,-9
2025-11-19T12:57:07.176498,47,85,151,143,39,28,39,109,11291,-9561,4394,-5497,45,-2021,355,-15,-1,-2
2025-11-19T12:57:07.199435,44,85,177,158,39,30,38,120,11291,-9561,4394,-5498,48,-2006,378,-5,4,1
2025-11-19T12:57:07.222439,52,93,200,171,40,33,43,119,11289,-9562,4397,-5497,41,-2009,360,-20,8,7
2025-11-19T12:57:07.236728,55,76,194,164,36,30,40,115,11289,-9563,4400,-5495,43,-2020,373,-23,4,14
2025-11-19T12:57:07.259649,55,78,214,172,35,30,38,127,11290,-9562,4402,-5493,41,-2022,370,-3,2,16
2025-11-19T12:57:07.282270,49,77,197,140,33,29,36,107,11291,-9561,4404,-5491,41,-2010,361,-3,2,18
2025-11-19T12:57:07.296674,49,67,201,129,35,28,39,87,11291,-9561,4407,-5488,41,-2034,370,-18,0,21
2025-11-19T12:57:07.319849,42,56,189,104,34,26,35,108,11291,-9561,4407,-5488,42,-2033,381,-6,2,15
2025-11-19T12:57:07.342792,36,73,202,105,35,24,32,112,11291,-9561,4407,-5488,52,-2027,358,-3,3,13
2025-11-19T12:57:07.364922,38,71,213,116,35,26,33,111,11291,-9561,4407,-5488,45,-2027,362,-15,-1,14
2025-11-19T12:57:07.379913,42,80,217,152,38,26,35,119,11291,-9560,4407,-5488,45,-2028,378,-5,-5,12
2025-11-19T12:57:07.402445,41,82,195,152,35,26,36,118,11292,-9560,4407,-5488,45,-2031,375,0,-3,10
2025-11-19T12:57:07.416587,43,94,196,161,35,25,34,115,11292,-9560,4407,-5488,35,-2036,362,6,-4,7
2025-11-19T12:57:07.439811,45,80,201,179,50,27,35,114,11292,-9560,4407,-5488,41,-2033,370,6,-6,6
2025-11-19T12:57:07.462447,42,78,165,177,58,25,35,104,11292,-9560,4407,-5488,34,-2031,364,-1,-8,1
2025-11-19T12:57:07.484819,38,74,216,165,56,26,36,96,11294,-9558,4404,-5489,45,-2033,370,16,-11,-1
2025-11-19T12:57:07.499901,40,79,227,174,61,30,34,92,11297,-9555,4401,-5490,45,-2017,371,20,-4,-5
2025-11-19T12:57:07.522896,38,72,223,172,69,35,35,77,11297,-9555,4401,-5490,32,-2033,361,3,-3,-6
2025-11-19T12:57:07.542312,38,80,204,157,60,33,36,114,11297,-9555,4401,-5490,47,-2023,361,9,-2,-5
2025-11-19T12:57:07.557567,38,83,233,150,51,36,39,121,11297,-9555,4401,-5490,51,-2013,356,13,-1,-4
2025-11-19T12:57:07.580236,41,77,193,130,52,37,36,119,11297,-9555,4401,-5491,46,-2015,369,6,3,1
2025-11-19T12:57:07.603276,39,73,198,118,47,34,37,121,11297,-9555,4401,-5491,35,-2023,369,3,5,2
2025-11-19T12:57:07.620057,52,81,196,118,39,30,40,145,11299,-9552,4400,-5492,47,-2033,356,21,7,2
2025-11-19T12:57:07.642165,53,72,208,111,35,30,44,133,11299,-9552,4400,-5492,47,-2022,375,5,1,-1
2025-11-19T12:57:07.664917,54,74,195,107,38,26,42,127,11299,-9552,4400,-5492,38,-2043,373,-13,-2,-4
2025-11-19T12:57:07.680187,51,78,195,123,40,24,43,130,11299,-9552,4400,-5493,44,-2023,382,-8,1,-9
2025-11-19T12:57:07.702496,53,89,171,125,41,23,44,131,11299,-9552,4400,-5493,56,-2027,364,-7,-2,-16
2025-11-19T12:57:07.724646,46,81,167,152,48,23,43,117,11299,-9552,4400,-5493,47,-2017,361,10,0,-9
2025-11-19T12:57:07.746994,47,83,179,153,49,24,36,106,11299,-9552,4400,-5493,41,-2009,377,12,-1,-9
2025-11-19T12:57:07.761975,45,79,179,157,51,27,34,109,11299,-9551,4399,-5493,42,-2024,376,-13,-2,1
2025-11-19T12:57:07.785091,48,91,172,179,63,27,31,105,11298,-9553,4401,-5492,36,-2015,364,-17,-1,3
2025-11-19T12:57:07.799818,79,80,189,182,66,26,27,103,11298,-9553,4401,-5492,46,-2019,374,-7,0,3
2025-11-19T12:57:07.822419,82,89,183,155,59,25,23,79,11299,-9552,4401,-5492,43,-2020,375,-3,0,2
2025-11-19T12:57:07.844876,81,106,167,157,59,24,21,64,11299,-9552,4400,-5492,45,-2018,381,4,1,6
2025-11-19T12:57:07.859936,83,113,155,161,56,20,27,86,11300,-9551,4404,-5489,18,-2023,366,-6,2,17
2025-11-19T12:57:07.882769,88,109,158,136,49,21,29,119,11299,-9552,4408,-5486,41,-2006,361,-22,4,18
2025-11-19T12:57:07.904877,69,111,201,131,49,22,31,126,11296,-9555,4410,-5485,56,-2028,376,-35,6,12
2025-11-19T12:57:07.919236,61,103,202,133,51,23,32,127,11297,-9554,4412,-5483,46,-2041,369,-6,3,20
2025-11-19T12:57:07.942389,64,97,200,175,55,24,33,134,11300,-9551,4415,-5481,22,-2025,372,6,0,19
2025-11-19T12:57:07.964838,62,90,191,164,54,23,30,131,11301,-9551,4416,-5478,37,-2022,383,-17,-6,18
2025-11-19T12:57:07.987071,56,81,214,153,47,23,32,103,11299,-9555,4417,-5474,47,-2038,374,-17,-6,11
2025-11-19T12:57:08.006188,49,81,161,149,43,23,31,108,11299,-9555,4417,-5474,47,-2035,365,8,-4,4
2025-11-19T12:57:08.023511,56,101,173,165,38,23,31,113,11301,-9553,4414,-5475,47,-2030,365,16,-5,1
2025-11-19T12:57:08.046294,52,89,193,130,33,23,32,123,11301,-9553,4414,-5475,39,-2026,360,-10,-4,4
2025-11-19T12:57:08.065999,53,86,209,136,34,23,33,113,11299,-9555,4417,-5472,29,-2017,363,-27,-3,6
2025-11-19T12:57:08.083908,50,89,194,146,33,26,35,116,11296,-9559,4418,-5471,45,-2010,365,-36,-3,3
2025-11-19T12:57:08.106662,59,106,201,155,31,25,37,106,11296,-9561,4419,-5469,31,-2030,366,-17,-4,4
2025-11-19T12:57:08.125867,50,83,200,142,31,24,36,100,11296,-9561,4419,-5469,43,-2019,360,8,-2,7
2025-11-19T12:57:08.144601,49,84,176,142,29,24,35,77,11296,-9561,4419,-5469,33,-2013,359,-3,0,10
2025-11-19T12:57:08.166658,48,83,170,140,28,26,31,64,11296,-9560,4418,-5470,39,-2020,383,-2,-7,12
2025-11-19T12:57:08.186256,45,80,177,152,26,22,24,53,11302,-9555,4415,-5467,45,-2047,395,23,-19,21
2025-11-19T12:57:08.203919,25,43,165,140,25,26,22,38,11313,-9545,4409,-5469,46,-2030,420,57,-19,14
2025-11-19T12:57:08.226211,25,39,175,140,34,42,23,33,11321,-9537,4406,-5468,-3,-2083,410,43,-12,2
2025-11-19T12:57:08.245811,24,36,186,147,100,101,29,25,11325,-9536,4396,-5468,-25,-2149,434,10,-52,-59
2025-11-19T12:57:08.264166,23,51,202,152,128,121,30,24,11310,-9565,4376,-5467,-10,-2051,499,-196,-118,-162
2025-11-19T12:57:08.286757,24,50,199,151,138,156,50,23,11274,-9629,4362,-5440,-64,-1952,539,-495,-220,-165
2025-11-19T12:57:08.305893,21,50,215,152,146,165,50,23,11218,-9725,4350,-5393,24,-2118,499,-690,-303,-122
2025-11-19T12:57:08.324336,21,51,209,171,231,252,67,25,11173,-9800,4338,-5360,138,-2331,460,-531,-224,-72
2025-11-19T12:57:08.346537,24,83,238,204,300,281,81,31,11185,-9805,4290,-5366,90,-2296,431,64,-191,-163
2025-11-19T12:57:08.366025,29,83,219,208,327,304,105,43,11227,-9757,4237,-5406,88,-2101,234,536,-41,-179
2025-11-19T12:57:08.384128,34,85,205,198,340,312,128,51,11282,-9702,4173,-5440,107,-1956,309,578,-106,-152
2025-11-19T12:57:08.406185,35,85,185,202,354,315,131,51,11296,-9692,4166,-5436,12,-1830,207,149,-45,-4
2025-11-19T12:57:08.425786,35,87,167,201,338,288,132,52,11282,-9721,4217,-5372,60,-2349,263,-276,-52,337
2025-11-19T12:57:08.444115,34,59,99,158,277,265,126,50,11307,-9717,4281,-5277,-13,-2589,284,-81,-102,593
2025-11-19T12:57:08.466613,32,46,76,143,262,252,108,43,11398,-9641,4350,-5161,-218,-2609,243,409,-133,829
2025-11-19T12:57:08.486624,45,50,69,154,248,230,77,53,11515,-9539,4429,-5024,-205,-2476,268,538,-156,1074
2025-11-19T12:57:08.504106,54,67,63,144,229,223,80,78,11638,-9432,4541,-4840,-256,-2540,328,429,-173,1395
2025-11-19T12:57:08.526495,61,69,54,116,179,170,68,81,11789,-9288,4660,-4634,-410,-2636,383,562,-194,1656
2025-11-19T12:57:08.545436,67,82,67,123,161,135,64,90,11964,-9116,4779,-4399,-502,-2511,399,704,-281,1847
2025-11-19T12:57:08.564092,68,89,68,122,112,86,63,90,12135,-8948,4897,-4137,-610,-2420,380,638,-370,1943
2025-11-19T12:57:08.586428,60,86,64,103,109,55,53,81,12316,-8766,4997,-3865,-659,-2340,410,734,-471,1979
2025-11-19T12:57:08.605783,54,80,98,123,113,37,40,58,12510,-8555,5080,-3599,-685,-2244,397,935,-511,1969
2025-11-19T12:57:08.628373,48,83,117,133,140,67,37,52,12710,-8330,5133,-3339,-765,-2100,411,1062,-619,1887
2025-11-19T12:57:08.646649,39,79,111,128,197,122,40,37,12914,-8097,5152,-3092,-737,-1895,504,1155,-721,1761
2025-11-19T12:57:08.665923,41,70,114,132,202,129,40,34,13094,-7882,5164,-2859,-715,-1649,511,1081,-719,1584
2025-11-19T12:57:08.684235,50,70,113,138,205,135,42,44,13243,-7711,5165,-2631,-688,-1506,545,804,-731,1440
2025-11-19T12:57:08.706644,78,87,91,124,206,136,42,82,13362,-7585,5152,-2410,-659,-1471,621,515,-744,1292
2025-11-19T12:57:08.725890,84,89,67,152,190,124,43,88,13459,-7495,5123,-2206,-651,-1498,641,351,-762,1120
2025-11-19T12:57:08.744130,85,83,66,151,133,71,37,92,13548,-7412,5080,-2033,-638,-1480,627,373,-737,932
2025-11-19T12:57:08.766601,86,84,61,158,248,93,40,94,13629,-7350,5009,-1887,-644,-1395,667,303,-789,680
2025-11-19T12:57:08.785343,80,86,72,184,256,99,39,90,13700,-7312,4912,-1771,-571,-1377,709,222,-818,458
2025-11-19T12:57:08.804127,50,64,91,197,259,103,40,59,13769,-7271,4808,-1691,-529,-1404,713,307,-743,303
2025-11-19T12:57:08.826180,40,56,97,198,309,107,39,47,13835,-7227,4707,-1629,-488,-1437,736,357,-672,251
2025-11-19T12:57:08.840329,47,53,117,223,341,123,42,40,13898,-7182,4608,-1568,-526,-1339,760,326,-663,207
2025-11-19T12:57:08.861891,56,67,130,224,266,100,41,34,13954,-7151,4507,-1503,-567,-1316,767,243,-696,175
2025-11-19T12:57:08.885123,56,80,125,199,255,87,41,51,14006,-7127,4398,-1452,-512,-1431,857,220,-663,119
2025-11-19T12:57:08.905805,64,95,134,192,261,83,38,67,14063,-7085,4295,-1418,-495,-1463,914,333,-587,90
2025-11-19T12:57:08.924196,74,97,133,161,248,77,38,72,14130,-7013,4199,-1402,-514,-1421,950,514,-514,50
2025-11-19T12:57:08.945984,70,97,159,127,218,49,34,79,14188,-6949,4111,-1393,-545,-1374,943,459,-466,-9
2025-11-19T12:57:08.965666,60,91,166,120,224,55,33,78,14235,-6906,4022,-1385,-587,-1390,1007,326,-468,-67
2025-11-19T12:57:08.983782,76,76,171,127,231,60,35,92,14281,-6868,3923,-1387,-474,-1451,1104,296,-446,-98
2025-11-19T12:57:09.006676,74,66,157,139,276,71,41,92,14323,-6829,3831,-1401,-478,-1354,1085,300,-398,-157
2025-11-19T12:57:09.025888,66,66,158,147,239,88,42,91,14352,-6813,3744,-1419,-443,-1296,1088,140,-354,-212
2025-11-19T12:57:09.044133,68,79,164,179,230,86,42,93,14362,-6830,3664,-1437,-431,-1413,1094,-33,-309,-231
2025-11-19T12:57:09.066668,79,78,156,191,223,94,44,100,14370,-6855,3584,-1450,-432,-1463,1061,-53,-337,-212
2025-11-19T12:57:09.086442,83,96,153,190,235,91,45,101,14382,-6867,3502,-1474,-361,-1462,1101,16,-298,-229
2025-11-19T12:57:09.103895,93,95,169,176,223,99,41,98,14394,-6872,3430,-1503,-344,-1456,1100,56,-230,-226
2025-11-19T12:57:09.126574,105,92,172,188,247,94,40,99,14401,-6884,3364,-1530,-309,-1398,1143,-37,-192,-212
2025-11-19T12:57:09.145849,122,88,145,168,253,99,39,101,14396,-6917,3307,-1546,-338,-1429,1165,-182,-186,-183
2025-11-19T12:57:09.164173,123,98,138,168,253,87,36,117,14385,-6964,3252,-1555,-306,-1515,1179,-261,-177,-145
2025-11-19T12:57:09.186496,122,91,153,167,234,89,33,107,14375,-7006,3201,-1568,-268,-1600,1169,-205,-147,-122
2025-11-19T12:57:09.205852,143,92,148,176,223,87,40,110,14374,-7025,3154,-1583,-288,-1615,1192,-79,-125,-111
2025-11-19T12:57:09.224156,174,114,155,167,190,77,39,136,14378,-7030,3114,-1605,-302,-1567,1171,7,-86,-119
2025-11-19T12:57:09.246640,169,115,150,159,197,73,40,148,14384,-7030,3077,-1630,-292,-1531,1152,30,-62,-130
2025-11-19T12:57:09.265601,168,110,169,140,209,73,39,139,14386,-7035,3043,-1652,-288,-1533,1163,-12,-56,-120
2025-11-19T12:57:09.284521,180,103,162,138,232,81,38,137,14382,-7050,3013,-1672,-290,-1577,1166,-64,-43,-107
2025-11-19T12:57:09.306701,161,100,162,123,224,77,35,133,14381,-7060,2984,-1694,-299,-1578,1169,-39,-39,-121
2025-11-19T12:57:09.325834,149,75,157,124,248,78,41,147,14381,-7065,2957,-1719,-303,-1585,1161,-2,-20,-130
2025-11-19T12:57:09.344128,143,79,158,111,231,79,44,133,14381,-7070,2934,-1742,-291,-1585,1141,7,-10,-108
2025-11-19T12:57:09.366345,139,77,137,116,220,80,45,134,14384,-7065,2917,-1764,-310,-1569,1149,45,5,-87
2025-11-19T12:57:09.389300,127,91,136,156,191,70,46,139,14387,-7059,2904,-1781,-331,-1585,1129,61,13,-60
2025-11-19T12:57:09.404128,125,86,127,159,157,58,43,135,14391,-7052,2896,-1792,-346,-1561,1127,53,11,-31
2025-11-19T12:57:09.426587,85,84,134,153,123,70,38,87,14393,-7047,2892,-1800,-360,-1581,1129,38,23,-17
2025-11-19T12:57:09.449135,84,77,150,159,116,79,49,96,14397,-7038,2888,-1810,-385,-1574,1120,68,21,-26
2025-11-19T12:57:09.464130,96,71,153,177,123,89,52,94,14402,-7027,2885,-1817,-409,-1571,1115,82,6,-20
2025-11-19T12:57:09.494092,90,52,165,165,128,89,52,99,14408,-7014,2882,-1825,-417,-1540,1104,94,4,-32
2025-11-19T12:57:09.508948,90,50,161,177,135,88,52,102,14415,-7001,2874,-1834,-408,-1557,1134,87,-12,-40
2025-11-19T12:57:09.524169,88,63,149,184,133,76,54,107,14421,-6990,2868,-1837,-410,-1559,1135,73,-19,-16
2025-11-19T12:57:09.546549,88,58,124,187,156,71,41,103,14428,-6977,2862,-1840,-428,-1563,1120,99,-25,-12
2025-11-19T12:57:09.568754,72,58,147,181,157,56,39,100,14436,-6962,2856,-1844,-415,-1545,1134,100,-18,-13
2025-11-19T12:57:09.584135,52,57,143,167,158,64,42,86,14446,-6942,2851,-1848,-427,-1546,1151,126,-19,-13
2025-11-19T12:57:09.606134,46,62,145,174,148,65,40,91,14459,-6917,2845,-1850,-432,-1543,1155,157,-24,-2
2025-11-19T12:57:09.629196,45,54,144,163,137,67,38,113,14472,-6892,2838,-1854,-449,-1531,1158,155,-31,-16
2025-11-19T12:57:09.644159,37,63,150,171,148,65,35,104,14486,-6865,2829,-1860,-456,-1547,1168,172,-40,-32
2025-11-19T12:57:09.666162,42,59,122,161,139,64,35,112,14502,-6829,2825,-1871,-412,-1578,1200,234,15,-15
2025-11-19T12:57:09.689053,58,73,102,149,131,51,48,128,14512,-6807,2830,-1870,-421,-1545,1216,116,32,43
2025-11-19T12:57:09.704120,101,114,101,120,117,46,56,145,14521,-6784,2839,-1868,-437,-1548,1224,110,43,55
2025-11-19T12:57:09.726596,110,117,102,127,119,41,63,163,14532,-6757,2848,-1864,-415,-1591,1247,151,54,87
2025-11-19T12:57:09.749107,116,141,135,240,158,33,67,191,14551,-6711,2865,-1861,-409,-1579,1234,258,98,126
2025-11-19T12:57:09.769409,123,158,140,289,181,31,70,203,14574,-6647,2893,-1862,-432,-1577,1276,347,176,146
2025-11-19T12:57:09.786543,144,154,143,295,213,33,60,207,14605,-6564,2928,-1863,-418,-1584,1361,430,225,202
2025-11-19T12:57:09.808681,121,128,143,316,231,33,54,203,14627,-6494,2974,-1863,-432,-1497,1295,347,273,203
2025-11-19T12:57:09.828205,118,123,141,313,243,37,48,198,14633,-6467,3016,-1841,-513,-1421,1301,46,169,210
2025-11-19T12:57:09.846679,116,90,91,231,222,34,41,171,14627,-6470,3056,-1814,-497,-1456,1316,-125,151,208
2025-11-19T12:57:09.869192,106,55,77,168,209,38,35,148,14620,-6476,3089,-1792,-520,-1436,1261,-123,116,158
2025-11-19T12:57:09.888811,67,50,90,191,197,43,33,126,14607,-6491,3123,-1781,-524,-1463,1225,-142,143,93
2025-11-19T12:57:09.906568,63,48,106,154,179,55,31,107,14594,-6508,3155,-1773,-567,-1454,1184,-145,124,55
2025-11-19T12:57:09.929143,62,57,105,155,167,58,26,50,14583,-6522,3179,-1765,-568,-1438,1128,-100,72,47
2025-11-19T12:57:09.943782,103,64,102,145,138,69,28,49,14582,-6519,3190,-1763,-539,-1451,1094,33,31,18
2025-11-19T12:57:09.966427,123,64,107,139,131,69,27,50,14584,-6511,3195,-1767,-523,-1417,1054,83,14,-12
2025-11-19T12:57:09.989246,160,84,97,92,107,72,31,50,14586,-6504,3198,-1777,-525,-1419,1067,84,15,-42
2025-11-19T12:57:10.004308,173,84,86,85,106,67,32,51,14582,-6506,3205,-1784,-507,-1404,1083,9,44,-32
2025-11-19T12:57:10.025943,178,78,96,99,204,68,43,70,14572,-6524,3211,-1789,-535,-1407,1069,-83,15,-57
2025-11-19T12:57:10.047146,156,81,101,127,231,58,44,70,14559,-6554,3208,-1794,-501,-1478,1066,-125,-19,-68
2025-11-19T12:57:10.062139,145,88,111,134,283,59,46,78,14553,-6567,3199,-1811,-521,-1578,1125,-3,-25,-119
2025-11-19T12:57:10.085744,112,87,117,139,287,51,49,101,14566,-6549,3165,-1833,-526,-1587,1121,228,-139,-153
2025-11-19T12:57:10.109041,92,85,146,148,293,46,49,107,14606,-6466,3121,-1884,-512,-1457,1164,597,-113,-249
2025-11-19T12:57:10.128978,86,90,149,134,238,41,41,95,14656,-6358,3065,-1948,-497,-1410,1178,765,-138,-309
2025-11-19T12:57:10.146605,95,88,175,109,215,39,52,108,14703,-6257,3004,-2019,-473,-1339,1210,709,-143,-366
2025-11-19T12:57:10.169324,104,129,237,186,141,37,51,124,14738,-6175,2953,-2091,-454,-1400,1246,598,-88,-369
2025-11-19T12:57:10.188189,105,156,250,341,199,37,62,188,14765,-6101,2905,-2179,-414,-1406,1207,586,-34,-443
2025-11-19T12:57:10.206626,120,186,246,409,248,40,64,202,14808,-5991,2839,-2278,-326,-1373,1263,805,-63,-466
2025-11-19T12:57:10.229132,209,230,243,451,260,42,66,330,14871,-5829,2768,-2373,-202,-1208,1391,1025,-19,-358
2025-11-19T12:57:10.248301,256,239,228,501,353,45,73,410,14907,-5730,2742,-2418,-251,-1052,1432,500,66,-137
2025-11-19T12:57:10.266700,263,225,159,509,381,45,76,415,14891,-5762,2764,-2417,-248,-1121,1428,-330,157,36
2025-11-19T12:57:10.289213,272,206,131,490,444,48,66,391,14835,-5899,2814,-2373,-370,-1280,1475,-977,141,148
2025-11-19T12:57:10.311672,266,181,99,436,481,59,69,386,14768,-6047,2884,-2331,-387,-1332,1496,-1085,247,164
2025-11-19T12:57:10.330829,202,120,97,426,502,58,69,298,14691,-6200,2974,-2306,-414,-1441,1390,-1071,377,105
2025-11-19T12:57:10.349202,131,98,83,382,453,67,53,176,14601,-6372,3062,-2291,-507,-1496,1251,-1135,342,-9
2025-11-19T12:57:10.371697,103,75,71,348,440,73,51,152,14511,-6542,3136,-2284,-599,-1556,1194,-1088,265,-106
2025-11-19T12:57:10.385918,74,58,59,244,374,146,53,136,14442,-6670,3181,-2291,-515,-1655,1175,-780,193,-139
2025-11-19T12:57:10.409061,161,50,48,243,284,147,49,124,14398,-6747,3209,-2305,-488,-1598,1109,-448,141,-132
2025-11-19T12:57:10.431720,170,37,43,184,250,156,46,89,14373,-6785,3221,-2327,-521,-1419,1090,-247,76,-189
2025-11-19T12:57:10.454143,205,54,45,146,274,165,42,55,14351,-6826,3220,-2345,-451,-1410,1067,-249,17,-174
2025-11-19T12:57:10.469125,218,60,52,114,271,172,46,47,14320,-6887,3225,-2352,-427,-1400,1058,-391,22,-129
2025-11-19T12:57:10.491583,249,93,151,110,232,130,47,51,14284,-6959,3232,-2351,-438,-1451,1036,-448,4,-104
2025-11-19T12:57:10.510916,258,99,179,108,237,128,48,51,14255,-7025,3227,-2336,-398,-1597,959,-342,-86,-16
2025-11-19T12:57:10.528659,303,101,202,104,219,128,51,60,14241,-7059,3231,-2315,-536,-1758,972,-123,-86,42
2025-11-19T12:57:10.551153,290,98,309,156,162,116,57,81,14264,-7031,3213,-2285,-520,-1734,969,275,-204,135
2025-11-19T12:57:10.566279,287,101,337,194,131,104,55,97,14318,-6935,3172,-2295,-509,-1556,1078,653,-186,-34
2025-11-19T12:57:10.589153,267,77,321,199,124,88,52,108,14373,-6831,3126,-2324,-473,-1607,1169,716,-146,-111
2025-11-19T12:57:10.611729,236,106,323,206,113,82,53,117,14447,-6676,3076,-2386,-506,-1531,1217,1023,-83,-236
2025-11-19T12:57:10.626646,168,113,318,223,101,61,52,124,14546,-6455,2997,-2489,-524,-1457,1239,1471,-117,-426
2025-11-19T12:57:10.649142,176,113,252,271,99,55,57,145,14634,-6253,2885,-2616,-436,-1333,1283,1374,-214,-634
2025-11-19T12:57:10.671639,191,137,236,431,229,52,84,216,14694,-6107,2773,-2742,-273,-1410,1367,1051,-185,-644
2025-11-19T12:57:10.686960,268,252,230,452,234,49,138,304,14746,-5973,2677,-2853,-227,-1317,1519,873,-116,-547
2025-11-19T12:57:10.709227,389,340,221,490,263,46,146,337,14787,-5868,2615,-2918,-70,-1456,1675,639,5,-212
2025-11-19T12:57:10.732105,410,365,241,511,305,55,155,407,14813,-5800,2615,-2920,-62,-1440,1627,325,165,180
2025-11-19T12:57:10.746591,425,375,213,484,319,57,164,460,14810,-5815,2671,-2854,-190,-1433,1664,-287,230,491
2025-11-19T12:57:10.769184,428,384,197,360,287,56,168,468,14778,-5890,2771,-2771,-279,-1664,1668,-641,360,576
2025-11-19T12:57:10.791445,387,324,192,433,425,73,146,457,14764,-5921,2859,-2689,-344,-1498,1486,-366,295,578
2025-11-19T12:57:10.806625,255,220,176,391,422,77,140,453,14759,-5927,2936,-2617,-376,-1344,1466,-253,269,516
2025-11-19T12:57:10.829004,226,175,160,361,404,109,134,396,14745,-5935,3021,-2581,-421,-1217,1368,-271,371,312
2025-11-19T12:57:10.851717,175,150,150,349,396,155,119,322,14707,-5991,3106,-2566,-600,-1318,1194,-439,315,82
2025-11-19T12:57:10.866766,144,109,210,344,413,221,104,267,14644,-6118,3165,-2556,-541,-1304,1167,-837,185,-70
2025-11-19T12:57:10.889055,120,91,211,207,290,284,82,186,14554,-6312,3221,-2528,-500,-1369,1161,-1239,125,-61
2025-11-19T12:57:10.911641,143,109,224,195,281,300,86,136,14468,-6494,3260,-2511,-554,-1344,956,-1094,27,-171
2025-11-19T12:57:10.926601,167,101,229,180,270,301,79,122,14400,-6625,3283,-2530,-518,-1570,1014,-720,79,-269
2025-11-19T12:57:10.948944,204,110,263,174,276,283,85,126,14361,-6698,3279,-2567,-500,-1631,1022,-312,7,-323
2025-11-19T12:57:10.971695,252,109,219,131,332,238,93,142,14352,-6714,3248,-2611,-520,-1589,949,78,-110,-344
2025-11-19T12:57:10.986663,309,147,223,139,353,164,110,232,14365,-6675,3206,-2688,-562,-1851,919,554,-84,-449
2025-11-19T12:57:11.009155,350,183,248,149,358,136,111,281,14448,-6489,3128,-2789,-535,-1881,1110,1452,-134,-411
2025-11-19T12:57:11.031403,379,217,302,156,361,106,116,317,14573,-6211,3017,-2895,-400,-1233,1151,1856,-184,-360
2025-11-19T12:57:11.046462,377,219,283,160,353,96,117,334,14660,-6009,2942,-2959,-439,-1106,1178,1273,-168,-246
2025-11-19T12:57:11.069227,404,224,308,148,237,95,111,338,14712,-5899,2880,-2982,-412,-1384,1365,725,-219,-94
2025-11-19T12:57:11.091850,381,218,423,155,169,70,92,286,14773,-5767,2821,-2996,-418,-1666,1477,922,-205,7
2025-11-19T12:57:11.106620,351,194,463,312,169,62,128,314,14854,-5570,2748,-3034,-387,-1584,1458,1347,-180,-54
2025-11-19T12:57:11.129153,307,165,435,342,162,63,158,387,14953,-5299,2687,-3089,-162,-1337,1613,1664,4,-22
2025-11-19T12:57:11.151207,292,185,460,351,167,68,202,559,15042,-5048,2650,-3108,-206,-1058,1655,1372,106,199
2025-11-19T12:57:11.166680,214,175,457,362,165,56,209,615,15094,-4899,2672,-3076,-329,-1070,1644,700,200,389
2025-11-19T12:57:11.189223,194,164,394,360,230,57,220,657,15109,-4858,2730,-3017,-353,-1192,1708,53,266,465
2025-11-19T12:57:11.211716,235,148,364,238,226,60,216,641,15116,-4829,2793,-2967,-339,-1291,1710,24,315,434
2025-11-19T12:57:11.242354,240,153,350,196,334,78,216,632,15128,-4790,2849,-2918,-492,-1184,1565,101,214,373
2025-11-19T12:57:11.249295,246,125,319,179,344,96,176,476,15128,-4793,2901,-2860,-441,-1163,1529,-143,177,380
2025-11-19T12:57:11.271710,257,127,303,160,348,105,161,392,15124,-4801,2952,-2814,-450,-913,1398,-223,171,272
2025-11-19T12:57:11.294167,260,134,252,152,354,131,144,317,15103,-4857,3000,-2780,-519,-1107,1496,-443,138,148
2025-11-19T12:57:11.308880,196,128,195,138,342,141,122,281,15091,-4886,3028,-2763,-496,-1157,1398,-206,82,81
2025-11-19T12:57:11.331034,198,108,192,138,271,136,80,149,15096,-4862,3040,-2769,-465,-1107,1337,138,71,12
2025-11-19T12:57:11.354122,280,104,212,165,275,124,73,144,15107,-4819,3033,-2789,-506,-1038,1355,247,0,-93
2025-11-19T12:57:11.369162,281,99,204,175,278,118,72,144,15117,-4790,3023,-2796,-535,-961,1225,177,-90,-62
2025-11-19T12:57:11.391689,280,86,203,197,302,93,84,176,15125,-4770,3005,-2808,-516,-1105,1256,193,-110,-87
2025-11-19T12:57:11.414020,299,87,199,195,307,75,73,207,15146,-4716,2969,-2823,-508,-1228,1208,490,-187,-71
2025-11-19T12:57:11.429197,367,89,216,186,280,64,70,270,15193,-4580,2915,-2853,-520,-1194,1271,967,-213,-72
2025-11-19T12:57:11.451527,371,109,217,179,259,62,84,296,15253,-4402,2843,-2882,-518,-1043,1350,1153,-269,-59
2025-11-19T12:57:11.474161,388,229,222,178,268,60,91,301,15310,-4242,2767,-2893,-581,-806,1294,978,-378,-31
2025-11-19T12:57:11.489323,393,262,288,154,174,54,98,364,15353,-4135,2673,-2907,-533,-866,1486,683,-467,-122
2025-11-19T12:57:11.519850,380,304,328,166,166,59,122,625,15384,-4058,2581,-2938,-313,-946,1578,545,-352,-174
2025-11-19T12:57:11.534131,384,402,318,227,187,65,151,666,15410,-3964,2535,-2971,-98,-1046,1894,550,40,-35
2025-11-19T12:57:11.552950,337,423,295,495,410,70,148,663,15433,-3851,2562,-2974,-226,-886,1911,488,353,180
2025-11-19T12:57:11.571661,347,380,307,614,534,76,176,809,15451,-3769,2612,-2942,-358,-832,1966,231,358,330
2025-11-19T12:57:11.594241,366,362,235,699,600,86,189,843,15460,-3743,2639,-2907,-420,-829,1873,-30,154,242
2025-11-19T12:57:11.609029,366,333,171,707,609,90,177,704,15460,-3770,2632,-2875,-383,-775,1691,-264,-76,124
2025-11-19T12:57:11.631780,301,226,165,698,803,133,161,691,15459,-3818,2615,-2834,-447,-726,1636,-382,-200,119
2025-11-19T12:57:11.653860,293,184,168,563,731,132,167,733,15442,-3900,2624,-2807,-407,-719,1615,-607,-44,34
2025-11-19T12:57:11.669201,236,171,138,457,692,142,137,574,15403,-4022,2671,-2804,-224,-1179,1658,-678,267,14
2025-11-19T12:57:11.691408,182,158,149,309,642,145,111,475,15391,-4032,2711,-2816,-361,-1035,1640,-96,265,-4
2025-11-19T12:57:11.714198,177,150,179,294,654,154,107,421,15384,-4022,2738,-2842,-475,-756,1445,-31,164,-135
2025-11-19T12:57:11.729200,160,117,187,280,406,140,92,334,15362,-4065,2754,-2885,-446,-842,1380,-249,91,-289
2025-11-19T12:57:11.751203,133,96,180,231,386,148,79,224,15340,-4113,2752,-2935,-468,-889,1360,-234,-6,-362
2025-11-19T12:57:11.774131,136,83,182,177,283,136,79,227,15318,-4167,2751,-2973,-411,-1043,1314,-196,-10,-267
2025-11-19T12:57:11.788951,169,76,173,186,269,138,70,225,15311,-4171,2741,-3013,-459,-1071,1309,106,-45,-242
2025-11-19T12:57:11.811168,234,72,162,190,219,148,77,220,15328,-4115,2696,-3047,-400,-1009,1463,422,-154,-170
2025-11-19T12:57:11.834100,308,80,145,181,172,136,76,247,15342,-4076,2664,-3058,-356,-928,1531,243,-105,-46
2025-11-19T12:57:11.849105,365,87,215,170,153,129,88,277,15341,-4096,2667,-3032,-465,-864,1490,-177,-79,87
2025-11-19T12:57:11.879761,371,99,252,153,139,129,85,292,15316,-4184,2705,-3001,-569,-1248,1553,-463,21,88
2025-11-19T12:57:11.894428,439,115,282,138,128,117,92,351,15315,-4189,2710,-2999,-606,-1341,1580,95,-66,-7
2025-11-19T12:57:11.913098,510,178,328,116,111,91,96,412,15336,-4121,2676,-3016,-477,-1045,1597,446,-132,-69
2025-11-19T12:57:11.932826,492,242,392,176,99,74,115,446,15354,-4071,2640,-3021,-465,-924,1577,289,-177,-41
2025-11-19T12:57:11.954507,494,352,364,176,101,72,129,485,15368,-4036,2601,-3034,-439,-1011,1690,229,-168,-87
2025-11-19T12:57:11.966405,637,362,341,346,261,70,175,607,15375,-4018,2565,-3049,-357,-1348,1708,286,-134,-61
2025-11-19T12:57:11.988629,720,396,315,541,437,77,180,640,15420,-3857,2505,-3080,-229,-1317,1957,1067,-37,29
2025-11-19T12:57:12.011944,772,427,272,611,599,106,184,727,15489,-3585,2442,-3113,-311,-1004,1924,1616,-45,53
2025-11-19T12:57:12.026711,786,412,173,629,683,136,177,724,15556,-3339,2359,-3116,-252,-410,1900,1209,-144,142
2025-11-19T12:57:12.050222,775,325,159,654,734,171,160,707,15565,-3338,2345,-3082,-378,-397,1745,-229,-113,126
2025-11-19T12:57:12.074215,676,318,160,614,717,180,113,600,15530,-3486,2391,-3062,-376,-599,1668,-1028,94,-24
2025-11-19T12:57:12.089296,537,269,168,638,806,205,109,533,15497,-3620,2414,-3058,-233,-1218,1650,-632,70,-29
2025-11-19T12:57:12.111737,347,165,141,586,724,215,99,341,15496,-3612,2402,-3079,-305,-885,1472,110,-15,-106
2025-11-19T12:57:12.134282,273,104,128,564,672,212,91,275,15505,-3573,2372,-3100,-386,-661,1369,223,-138,-134
2025-11-19T12:57:12.149380,228,94,123,540,652,244,89,198,15512,-3555,2319,-3129,-418,-687,1349,165,-295,-236
2025-11-19T12:57:12.171746,217,66,105,509,634,259,81,179,15522,-3532,2227,-3171,-378,-673,1318,252,-474,-338
2025-11-19T12:57:12.194500,220,58,82,250,411,247,77,172,15537,-3476,2119,-3233,-304,-685,1500,434,-461,-413
2025-11-19T12:57:12.216704,263,56,63,221,358,230,89,185,15540,-3467,2042,-3276,-201,-734,1444,164,-324,-297
2025-11-19T12:57:12.231487,263,71,101,198,309,220,89,204,15539,-3487,2008,-3281,-342,-1025,1680,11,-227,-87
2025-11-19T12:57:12.254275,275,116,150,203,224,159,91,222,15558,-3436,1987,-3256,-34,-745,1927,186,40,217
2025-11-19T12:57:12.276745,433,124,155,193,203,124,107,252,15555,-3450,2065,-3208,-216,-723,1920,-320,404,343
2025-11-19T12:57:12.291452,499,146,209,179,133,106,113,275,15511,-3618,2217,-3132,-502,-922,1758,-1184,494,376
2025-11-19T12:57:12.314225,570,199,278,176,116,92,105,320,15457,-3801,2353,-3084,-601,-1372,1853,-1075,412,198
2025-11-19T12:57:12.336742,578,222,287,164,105,86,110,326,15437,-3870,2417,-3052,-498,-1363,1724,-326,189,180
2025-11-19T12:57:12.351733,590,228,274,150,87,66,107,329,15451,-3811,2430,-3045,-490,-1231,1660,432,59,116
2025-11-19T12:57:12.374202,480,247,302,194,130,58,95,353,15485,-3674,2395,-3065,-423,-928,1605,837,-79,-12
2025-11-19T12:57:12.396454,424,252,295,230,285,50,87,431,15522,-3538,2318,-3099,-335,-928,1687,883,-240,-120
2025-11-19T12:57:12.411615,346,257,241,478,528,103,96,532,15570,-3343,2207,-3155,-229,-845,1930,1197,-269,-197
2025-11-19T12:57:12.434409,333,276,240,594,656,117,94,527,15624,-3101,2082,-3217,-47,-417,1779,1334,-236,-204
2025-11-19T12:57:12.464958,302,257,241,626,713,127,105,538,15645,-2993,2030,-3254,-117,-207,1585,437,-51,-156
2025-11-19T12:57:12.471671,280,235,217,619,753,136,100,511,15623,-3095,2053,-3249,-235,-528,1578,-692,45,-51
2025-11-19T12:57:12.494607,247,224,186,662,758,142,97,435,15588,-3268,2102,-3214,-249,-822,1731,-1045,95,96
2025-11-19T12:57:12.516765,136,178,178,562,721,206,93,232,15563,-3375,2148,-3194,-340,-887,1519,-605,99,50
2025-11-19T12:57:12.530999,112,99,143,451,653,217,91,211,15544,-3446,2157,-3208,-346,-697,1509,-436,-28,-156
2025-11-19T12:57:12.553679,137,94,122,406,598,232,83,155,15527,-3492,2149,-3243,-352,-867,1543,-203,-64,-260
2025-11-19T12:57:12.576589,171,91,97,403,552,254,89,131,15524,-3493,2120,-3278,-295,-871,1530,85,-121,-221
2025-11-19T12:57:12.591604,187,72,78,301,508,255,89,108,15519,-3531,2097,-3277,-341,-735,1499,-209,-199,-78
2025-11-19T12:57:12.614350,210,57,78,188,352,210,77,103,15503,-3623,2087,-3256,-372,-854,1583,-510,-210,-11
2025-11-19T12:57:12.636486,229,57,79,161,281,206,81,115,15490,-3716,2069,-3226,-316,-1037,1679,-461,-242,56
2025-11-19T12:57:12.651634,274,76,88,164,278,186,75,141,15480,-3782,2055,-3203,-323,-1100,1791,-317,-174,50
2025-11-19T12:57:12.674094,330,93,154,149,257,152,65,141,15484,-3777,2018,-3213,-287,-923,1553,102,-199,-93
2025-11-19T12:57:12.696804,467,123,220,179,199,148,66,154,15482,-3776,2004,-3234,-309,-933,1826,-14,-47,-145
2025-11-19T12:57:12.711698,480,145,257,185,179,111,65,173,15473,-3795,2011,-3252,-261,-955,1746,-118,53,-103
2025-11-19T12:57:12.742382,481,152,276,189,153,80,56,169,15457,-3876,2024,-3221,-247,-886,1563,-496,-49,107
2025-11-19T12:57:12.756101,454,171,317,206,128,74,58,185,15442,-3958,2032,-3191,-357,-1242,1629,-353,-116,90
2025-11-19T12:57:12.771810,421,266,292,205,113,64,100,301,15458,-3892,1985,-3222,-359,-1408,1631,665,-193,-153
2025-11-19T12:57:12.793807,300,292,252,218,118,57,141,433,15521,-3634,1880,-3285,-207,-1288,1695,1647,-227,-220
2025-11-19T12:57:12.816741,310,323,219,365,221,58,181,490,15590,-3320,1777,-3344,-32,-805,1806,1894,-141,-150
2025-11-19T12:57:12.831740,305,355,201,518,310,70,187,594,15667,-2977,1704,-3346,122,-287,2076,1928,10,213
2025-11-19T12:57:12.854242,318,389,129,565,473,93,209,669,15706,-2820,1721,-3290,-84,-196,1934,528,288,454
2025-11-19T12:57:12.876622,319,340,147,588,527,101,194,649,15693,-2958,1801,-3189,-379,-485,1779,-1039,129,478
2025-11-19T12:57:12.891683,329,334,162,588,550,103,173,592,15662,-3170,1876,-3093,-251,-794,1948,-1360,125,428
2025-11-19T12:57:12.914149,295,304,160,519,545,105,139,562,15631,-3316,1988,-3024,-244,-872,1779,-974,423,385
2025-11-19T12:57:12.936860,297,264,172,425,505,96,136,461,15591,-3480,2104,-2969,-334,-1080,1613,-960,407,286
2025-11-19T12:57:12.951889,300,191,172,353,378,137,102,326,15567,-3567,2191,-2926,-506,-1231,1613,-428,254,240
2025-11-19T12:57:12.973849,303,185,157,313,312,152,105,287,15573,-3545,2220,-2898,-414,-867,1494,111,90,186
2025-11-19T12:57:12.997102,258,136,143,288,293,172,94,236,15579,-3526,2221,-2888,-442,-710,1460,73,-57,33
2025-11-19T12:57:13.010415,259,118,184,270,241,174,96,193,15576,-3541,2210,-2894,-362,-680,1576,-140,-82,-85
2025-11-19T12:57:13.032525,285,116,181,155,231,184,94,185,15567,-3578,2199,-2907,-271,-653,1510,-264,-56,-123
2025-11-19T12:57:13.056069,276,131,196,143,197,144,93,208,15545,-3681,2197,-2901,-361,-778,1387,-569,-145,-89
2025-11-19T12:57:13.071751,257,147,243,150,175,127,94,192,15526,-3780,2187,-2881,-225,-972,1635,-533,-110,30
2025-11-19T12:57:13.093639,275,171,299,167,126,97,103,214,15514,-3816,2207,-2881,-284,-1195,1710,-122,110,25
2025-11-19T12:57:13.116541,298,188,300,162,115,96,101,260,15529,-3744,2229,-2877,-320,-931,1666,372,183,126
2025-11-19T12:57:13.138964,267,207,303,157,102,81,120,369,15541,-3673,2253,-2885,-478,-854,1706,337,141,15
2025-11-19T12:57:13.154348,271,204,303,211,142,77,123,410,15546,-3639,2245,-2908,-424,-874,1674,191,-21,-123
2025-11-19T12:57:13.176529,312,299,276,382,239,69,127,526,15558,-3574,2195,-2964,-304,-1017,1692,510,-121,-278
2025-11-19T12:57:13.199240,294,333,217,504,329,73,135,590,15598,-3391,2111,-3026,-88,-827,1914,1088,-80,-199
2025-11-19T12:57:13.214247,263,333,183,530,421,73,150,645,15645,-3165,2052,-3073,-89,-596,1969,1195,73,-69
2025-11-19T12:57:13.236748,263,328,165,542,498,79,137,603,15661,-3079,2039,-3084,-246,-341,1822,255,70,-23
2025-11-19T12:57:13.259248,276,332,143,534,527,107,158,586,15639,-3188,2076,-3060,-375,-407,1729,-855,47,23
2025-11-19T12:57:13.274227,228,246,129,445,504,131,151,490,15590,-3404,2136,-3039,-281,-754,1706,-1340,136,-28
2025-11-19T12:57:13.296844,219,179,105,304,470,146,137,403,15532,-3611,2208,-3042,-274,-1252,1584,-1056,233,-92
2025-11-19T12:57:13.319266,218,160,97,259,398,169,110,263,15500,-3704,2256,-3059,-404,-1244,1580,-398,161,-123
2025-11-19T12:57:13.334230,274,165,97,232,305,179,106,213,15494,-3705,2265,-3082,-446,-925,1384,71,8,-144
2025-11-19T12:57:13.356785,257,146,97,202,245,205,87,163,15497,-3687,2242,-3109,-409,-818,1401,162,-132,-185
2025-11-19T12:57:13.379263,242,106,97,150,217,196,88,148,15493,-3702,2214,-3127,-342,-760,1418,-57,-168,-165
2025-11-19T12:57:13.394503,236,107,100,106,170,184,88,160,15483,-3747,2211,-3127,-323,-759,1434,-268,-79,-69
2025-11-19T12:57:13.416731,243,111,91,89,151,163,91,175,15462,-3840,2210,-3117,-314,-961,1550,-500,-104,-37
2025-11-19T12:57:13.439226,179,95,83,81,128,149,91,179,15443,-3925,2224,-3095,-339,-1366,1655,-327,-40,80
2025-11-19T12:57:13.454601,183,112,83,71,90,83,74,229,15468,-3838,2207,-3095,-263,-1288,1795,629,23,115
2025-11-19T12:57:13.476800,273,153,79,68,81,69,78,350,15507,-3674,2199,-3101,-404,-824,1796,852,85,92
2025-11-19T12:57:13.498956,272,166,87,59,68,64,79,350,15523,-3596,2202,-3111,-396,-691,1814,302,83,-5
2025-11-19T12:57:13.514264,260,162,90,54,59,55,76,352,15519,-3604,2220,-3109,-330,-832,1801,-137,97,14
2025-11-19T12:57:13.536770,258,172,106,57,49,46,80,364,15509,-3644,2249,-3093,-351,-966,1736,-260,102,77
2025-11-19T12:57:13.559486,247,170,110,49,44,41,73,337,15499,-3687,2271,-3073,-342,-1066,1668,-214,57,107
2025-11-19T12:57:13.574217,133,150,111,60,42,38,67,230,15504,-3680,2270,-3060,-270,-1038,1677,82,21,109
2025-11-19T12:57:13.596296,141,146,104,65,49,39,77,229,15518,-3631,2262,-3053,-284,-931,1648,299,18,96
2025-11-19T12:57:13.619993,190,192,109,89,54,39,84,319,15532,-3580,2253,-3047,-309,-828,1628,270,-1,80
2025-11-19T12:57:13.634241,188,193,101,142,104,38,84,354,15541,-3550,2249,-3042,-264,-843,1683,140,35,70
2025-11-19T12:57:13.654569,191,201,99,188,287,47,91,413,15548,-3522,2246,-3038,-242,-800,1698,112,57,65
2025-11-19T12:57:13.678097,242,200,111,273,352,53,95,432,15554,-3517,2234,-3025,-267,-766,1657,-13,-44,70
2025-11-19T12:57:13.694635,293,194,117,285,367,50,86,435,15555,-3533,2226,-3005,-307,-802,1665,-128,-67,84
2025-11-19T12:57:13.716719,293,187,129,284,369,60,78,372,15556,-3549,2216,-2988,-359,-844,1606,-90,-106,63
2025-11-19T12:57:13.739238,318,190,130,265,363,79,71,334,15555,-3567,2209,-2977,-367,-855,1627,-106,-83,24
2025-11-19T12:57:13.754754,382,193,180,255,263,81,77,255,15551,-3591,2210,-2968,-421,-903,1610,-122,-70,4
2025-11-19T12:57:13.776737,373,192,180,160,173,85,83,208,15553,-3594,2211,-2955,-362,-869,1597,-19,-37,61
2025-11-19T12:57:13.799202,406,199,238,148,147,92,106,201,15551,-3615,2222,-2929,-358,-861,1578,-141,-7,125
2025-11-19T12:57:13.813978,389,162,296,150,142,87,109,199,15539,-3691,2252,-2874,-420,-969,1552,-437,-19,252
2025-11-19T12:57:13.836698,385,142,298,145,128,69,112,230,15530,-3753,2286,-2818,-472,-1276,1585,-239,-1,285
2025-11-19T12:57:13.858820,333,181,272,110,91,62,103,243,15562,-3645,2259,-2803,-542,-939,1589,663,-181,113
2025-11-19T12:57:13.874247,331,344,266,222,120,52,101,298,15585,-3554,2207,-2836,-387,-680,1600,511,-189,-175
2025-11-19T12:57:13.905003,252,357,292,262,250,47,86,373,15602,-3460,2152,-2897,-268,-786,1728,572,-105,-297
2025-11-19T12:57:13.919309,254,402,234,429,285,55,118,479,15628,-3344,2094,-2936,-190,-778,1766,691,-94,-138
2025-11-19T12:57:13.934257,242,407,241,501,433,63,118,500,15646,-3288,2058,-2931,-260,-741,1762,296,-116,52
2025-11-19T12:57:13.957162,210,392,246,527,460,85,123,493,15658,-3278,2020,-2902,-199,-716,1799,14,-174,149
2025-11-19T12:57:13.979235,185,273,257,496,466,121,116,461,15654,-3332,2001,-2876,-304,-561,1746,-438,-171,55
2025-11-19T12:57:13.994536,172,253,167,514,419,127,108,401,15621,-3478,2024,-2868,-267,-742,1736,-914,16,-64
2025-11-19T12:57:14.016772,168,176,155,419,407,153,77,290,15589,-3595,2053,-2874,-199,-1163,1738,-571,128,-58
2025-11-19T12:57:14.039336,151,156,136,341,266,157,71,207,15580,-3620,2064,-2887,-278,-968,1672,-109,70,-67
2025-11-19T12:57:14.053740,201,129,121,300,232,167,64,195,15576,-3620,2065,-2905,-348,-767,1574,-29,8,-122
2025-11-19T12:57:14.076769,227,89,92,288,208,143,64,189,15564,-3653,2061,-2929,-344,-773,1531,-197,-52,-187
2025-11-19T12:57:14.099239,393,148,87,208,194,142,89,218,15547,-3709,2051,-2959,-329,-886,1518,-259,-85,-237
2025-11-19T12:57:14.122461,519,169,124,122,170,114,99,207,15533,-3753,2038,-2984,-271,-928,1522,-183,-73,-190
2025-11-19T12:57:14.136752,574,187,170,97,135,106,105,214,15526,-3775,2041,-2993,-213,-965,1546,-76,41,-45
2025-11-19T12:57:14.159423,568,206,207,102,122,85,105,238,15525,-3781,2063,-2976,-242,-992,1745,-64,120,136
2025-11-19T12:57:14.182414,561,205,230,120,113,91,121,249,15511,-3852,2109,-2924,-267,-1038,1680,-445,139,288
2025-11-19T12:57:14.196201,462,174,237,117,103,81,110,233,15503,-3902,2165,-2857,-343,-1259,1824,-286,173,406
2025-11-19T12:57:14.219783,314,170,231,111,96,76,98,263,15514,-3880,2212,-2793,-436,-1220,1707,143,135,428
2025-11-19T12:57:14.242368,206,204,203,109,94,74,95,293,15539,-3787,2207,-2784,-498,-1002,1664,556,-41,98
2025-11-19T12:57:14.256919,225,204,173,362,154,57,109,307,15581,-3601,2147,-2843,-281,-808,1812,1066,-60,-203
2025-11-19T12:57:14.279513,245,248,156,598,351,47,122,360,15618,-3409,2082,-2923,-243,-592,1735,1052,-42,-336
2025-11-19T12:57:14.302388,256,270,153,684,414,47,124,390,15656,-3220,2009,-2987,-155,-440,1814,964,-70,-249
2025-11-19T12:57:14.316717,251,265,138,741,497,62,124,401,15677,-3122,1956,-3012,-142,-484,1799,454,-83,-92
2025-11-19T12:57:14.339220,239,245,139,756,616,93,122,402,15671,-3176,1938,-2999,-177,-449,1678,-445,-107,4
2025-11-19T12:57:14.361958,228,241,134,687,674,130,113,381,15642,-3337,1950,-2971,-320,-529,1612,-1049,-130,-4
2025-11-19T12:57:14.376365,203,196,111,497,626,154,83,320,15593,-3538,1995,-2963,-341,-967,1492,-1086,19,-94
2025-11-19T12:57:14.399224,205,153,97,374,593,162,74,268,15554,-3676,2026,-2979,-283,-1228,1548,-617,65,-149
2025-11-19T12:57:14.422407,282,165,89,246,535,163,82,192,15550,-3680,2030,-2994,-322,-1014,1529,64,13,-83
2025-11-19T12:57:14.436724,398,151,127,211,406,166,83,137,15554,-3664,2028,-2991,-363,-753,1436,79,-50,-2
2025-11-19T12:57:14.459629,403,138,165,156,275,143,85,156,15539,-3726,2050,-2981,-401,-849,1478,-364,-17,-10
2025-11-19T12:57:14.482489,418,150,190,154,198,134,91,228,15521,-3797,2069,-2972,-297,-979,1654,-405,29,9
2025-11-19T12:57:14.497197,438,164,227,163,174,126,103,225,15497,-3900,2107,-2933,-301,-1004,1567,-599,60,164
2025-11-19T12:57:14.519210,432,189,261,166,149,116,106,236,15478,-3991,2155,-2877,-333,-1425,1829,-438,115,311
2025-11-19T12:57:14.542804,356,197,246,148,109,87,114,285,15507,-3902,2175,-2828,-453,-1347,1708,617,52,383
2025-11-19T12:57:14.556703,341,230,238,146,86,81,115,306,15553,-3723,2133,-2851,-502,-787,1635,1010,-140,-64
2025-11-19T12:57:14.579165,317,234,260,143,80,49,120,356,15588,-3563,2064,-2913,-266,-689,1815,881,-122,-273
2025-11-19T12:57:14.602426,421,327,242,279,136,45,113,495,15611,-3444,2025,-2961,-117,-694,1820,622,53,-164
2025-11-19T12:57:14.616574,413,331,209,446,191,49,108,534,15617,-3407,2034,-2966,-260,-816,1752,170,116,24
2025-11-19T12:57:14.639131,425,332,226,527,274,57,102,530,15629,-3357,2033,-2957,-197,-835,1907,222,102,126
2025-11-19T12:57:14.661929,425,317,211,556,375,67,101,553,15643,-3310,2027,-2942,-174,-757,1822,205,68,143
2025-11-19T12:57:14.676893,430,319,166,592,479,68,88,513,15648,-3308,2011,-2929,-276,-581,1663,-90,-90,47
2025-11-19T12:57:14.699238,365,251,152,560,508,144,85,382,15628,-3435,1995,-2900,-325,-473,1548,-852,-255,-11
2025-11-19T12:57:14.722465,333,212,151,445,506,170,79,314,15585,-3615,2035,-2884,-273,-878,1601,-1048,54,-26
2025-11-19T12:57:14.736661,290,196,114,347,477,176,72,272,15551,-3730,2084,-2887,-257,-1144,1556,-566,190,-35
2025-11-19T12:57:14.759197,340,185,101,306,417,197,74,181,15533,-3773,2106,-2911,-296,-1043,1581,-185,121,-133
2025-11-19T12:57:14.782044,365,169,150,222,295,200,78,162,15530,-3755,2113,-2946,-372,-773,1419,106,50,-198
2025-11-19T12:57:14.796370,319,124,179,157,224,158,85,198,15521,-3774,2116,-2965,-388,-790,1374,-98,-32,-153
2025-11-19T12:57:14.819272,344,135,210,143,184,136,105,240,15499,-3865,2121,-2962,-340,-1147,1472,-375,-85,-59
2025-11-19T12:57:14.840076,361,137,227,142,193,237,120,256,15478,-3973,2152,-2906,-313,-1284,1575,-515,-10,264
2025-11-19T12:57:14.854522,346,138,245,144,170,228,118,275,15473,-4013,2192,-2847,-301,-1347,1864,-197,130,377
2025-11-19T12:57:14.877893,335,164,239,138,161,226,114,272,15489,-3954,2234,-2808,-491,-986,1790,227,158,281
2025-11-19T12:57:14.902028,353,164,244,168,150,225,113,253,15489,-3934,2268,-2811,-524,-733,1652,-38,119,-30
2025-11-19T12:57:14.916813,354,179,234,171,147,224,117,233,15468,-3986,2268,-2851,-494,-1068,1524,-205,-60,-304
2025-11-19T12:57:14.938864,353,190,222,167,86,104,108,245,15473,-3961,2216,-2897,-294,-1400,1656,414,-174,-239
2025-11-19T12:57:14.962575,340,210,228,156,62,74,111,289,15521,-3772,2145,-2950,-132,-1057,1774,1202,-58,-124
2025-11-19T12:57:14.977115,328,266,229,188,77,74,120,378,15565,-3566,2111,-2999,-230,-679,1755,1099,107,-105
2025-11-19T12:57:14.999329,282,322,232,248,101,69,127,419,15581,-3473,2112,-3020,-322,-627,1824,381,129,-50
2025-11-19T12:57:15.022592,280,386,222,339,349,65,122,449,15574,-3492,2126,-3025,-212,-899,1742,-122,123,-1
2025-11-19T12:57:15.044971,266,385,234,411,502,65,127,497,15593,-3408,2108,-3039,-134,-934,1925,476,107,36
2025-11-19T12:57:15.059174,235,396,218,474,622,83,132,510,15613,-3302,2092,-3064,-135,-697,1790,540,141,-21
2025-11-19T12:57:15.082352,288,352,188,534,663,96,124,445,15618,-3271,2105,-3064,-251,-545,1651,30,130,38
2025-11-19T12:57:15.104825,302,313,155,527,716,192,128,405,15595,-3389,2140,-3026,-370,-561,1652,-846,13,96
2025-11-19T12:57:15.118999,305,215,142,485,644,219,127,369,15547,-3604,2201,-2980,-452,-542,1536,-1436,15,43
2025-11-19T12:57:15.142454,320,203,114,426,576,266,119,288,15476,-3856,2291,-2966,-401,-1099,1403,-1393,208,-75
2025-11-19T12:57:15.164407,331,158,109,356,449,284,113,204,15428,-3997,2338,-2991,-321,-1290,1438,-647,174,-195
2025-11-19T12:57:15.178625,327,171,292,240,388,288,113,201,15432,-3935,2342,-3050,-347,-974,1435,428,138,-252
2025-11-19T12:57:15.202278,320,163,346,172,279,248,108,273,15430,-3905,2358,-3086,-439,-663,1337,104,99,-198
2025-11-19T12:57:15.224895,291,217,433,141,263,227,93,267,15396,-4037,2398,-3058,-390,-973,1433,-771,25,42
2025-11-19T12:57:15.239241,284,227,445,136,173,193,94,262,15355,-4197,2468,-2990,-368,-1542,1809,-856,161,330
2025-11-19T12:57:15.262511,368,234,449,134,169,177,102,284,15354,-4208,2523,-2932,-422,-1357,1688,-51,190,400
2025-11-19T12:57:15.284802,342,218,361,125,216,202,100,307,15353,-4198,2554,-2924,-532,-1141,1732,17,114,58
2025-11-19T12:57:15.299633,351,210,305,116,220,194,88,267,15360,-4177,2544,-2931,-357,-1068,1721,113,-2,-12
2025-11-19T12:57:15.322070,393,233,188,94,211,190,93,407,15369,-4150,2524,-2937,-360,-973,1605,154,-65,-29
2025-11-19T12:57:15.344927,467,243,184,91,190,165,91,433,15376,-4141,2494,-2939,-380,-1057,1536,117,-160,-35
2025-11-19T12:57:15.359150,396,260,172,98,183,145,80,444,15396,-4091,2444,-2945,-375,-1156,1492,444,-233,-26
2025-11-19T12:57:15.382277,379,264,180,157,115,79,78,421,15437,-3962,2369,-2966,-257,-903,1548,814,-232,-47
2025-11-19T12:57:15.405069,354,254,216,164,120,90,72,407,15480,-3818,2292,-2991,-188,-687,1571,813,-198,-60
2025-11-19T12:57:15.419225,298,195,206,175,196,150,72,261,15510,-3721,2235,-3005,-138,-566,1647,453,-113,-25
2025-11-19T12:57:15.442462,121,186,204,176,211,162,65,207,15517,-3711,2207,-2999,-112,-514,1699,-117,-44,35
2025-11-19T12:57:15.465201,93,146,227,181,221,183,57,113,15507,-3775,2207,-2975,-79,-537,1663,-559,34,97
2025-11-19T12:57:15.479245,79,137,221,137,225,196,56,101,15483,-3878,2232,-2946,3,-603,1724,-814,170,136
2025-11-19T12:57:15.502381,68,138,195,130,208,191,53,77,15451,-3992,2287,-2919,6,-589,1766,-940,341,158
2025-11-19T12:57:15.525836,61,117,184,136,151,152,40,48,15411,-4119,2365,-2895,24,-674,1723,-1013,464,167
2025-11-19T12:57:15.538842,47,82,189,194,145,139,37,42,15366,-4240,2458,-2881,106,-708,1700,-987,612,164
2025-11-19T12:57:15.562089,42,81,189,219,129,112,34,42,15317,-4351,2571,-2880,112,-789,1656,-914,756,149
2025-11-19T12:57:15.584957,43,87,198,336,155,89,37,40,15261,-4465,2699,-2883,30,-899,1554,-894,808,131
2025-11-19T12:57:15.599354,43,74,214,386,170,83,39,51,15201,-4574,2831,-2901,-15,-954,1423,-810,829,59
2025-11-19T12:57:15.622482,40,69,252,389,167,84,45,91,15144,-4661,2961,-2930,-63,-1020,1410,-667,845,20
2025-11-19T12:57:15.644952,40,72,283,379,184,111,54,98,15087,-4727,3106,-2967,-221,-982,1334,-572,886,-31
2025-11-19T12:57:15.659248,39,81,273,376,217,145,64,99,15015,-4810,3259,-3034,-369,-990,1168,-613,900,-242
2025-11-19T12:57:15.682506,36,67,272,313,245,162,63,100,14929,-4919,3389,-3141,-352,-921,1161,-741,851,-537
2025-11-19T12:57:15.704518,37,76,256,257,290,206,65,93,14823,-5069,3501,-3279,-356,-983,985,-868,766,-785
2025-11-19T12:57:15.719295,36,79,213,259,349,256,63,57,14706,-5242,3593,-3431,-366,-1074,921,-925,665,-932
2025-11-19T12:57:15.742403,36,87,209,282,394,258,58,44,14580,-5423,3668,-3606,-393,-1090,831,-916,599,-1110
2025-11-19T12:57:15.765265,34,78,202,286,412,273,49,40,14440,-5612,3730,-3808,-373,-1153,729,-891,586,-1292
2025-11-19T12:57:15.779597,32,78,193,276,439,276,50,41,14286,-5814,3785,-4026,-330,-1097,631,-957,583,-1427
2025-11-19T12:57:15.802651,32,72,194,295,423,267,49,42,14104,-6055,3840,-4254,-313,-1106,487,-1149,574,-1566
2025-11-19T12:57:15.824967,33,81,204,295,394,236,49,41,13902,-6324,3888,-4478,-237,-1102,252,-1430,553,-1625
2025-11-19T12:57:15.847293,57,102,160,278,424,254,54,42,13671,-6640,3943,-4681,-141,-1181,213,-1751,518,-1607
2025-11-19T12:57:15.862625,60,102,186,351,418,272,68,43,13419,-6979,3996,-4866,-231,-1671,321,-1912,456,-1599
2025-11-19T12:57:15.884958,63,105,202,369,394,312,77,45,13167,-7290,4041,-5058,-409,-2067,362,-1746,465,-1633
2025-11-19T12:57:15.899556,65,105,219,406,429,299,80,47,12932,-7565,4058,-5245,-624,-2217,545,-1529,357,-1627
2025-11-19T12:57:15.929974,67,105,239,438,462,297,87,50,12696,-7836,4045,-5430,-775,-2400,453,-1442,220,-1724
2025-11-19T12:57:15.944986,51,77,311,515,418,275,84,50,12455,-8111,4008,-5607,-594,-2598,506,-1454,105,-1757
2025-11-19T12:57:15.967735,50,75,309,480,423,229,75,49,12211,-8385,4028,-5726,-424,-2810,539,-1446,135,-1496
2025-11-19T12:57:15.982759,48,85,340,472,442,153,66,46,12006,-8606,4052,-5816,-421,-2837,534,-1200,124,-1247
2025-11-19T12:57:16.005060,82,124,395,493,423,137,63,46,11844,-8784,4067,-5869,-407,-2858,523,-959,6,-999
2025-11-19T12:57:16.027299,89,123,396,483,392,107,53,45,11729,-8917,4058,-5905,-331,-2827,521,-650,-100,-823
2025-11-19T12:57:16.041730,113,162,378,419,366,105,59,46,11665,-8990,4024,-5945,-265,-2771,590,-252,-135,-706
2025-11-19T12:57:16.065349,134,189,409,402,370,131,60,47,11624,-9037,3996,-5973,-179,-2516,498,-105,-106,-524
2025-11-19T12:57:16.087598,171,199,425,415,340,138,69,151,11600,-9070,3965,-5991,-98,-2442,583,-58,-141,-394
2025-11-19T12:57:16.102520,168,206,385,419,381,134,73,278,11578,-9106,3944,-5993,-17,-2368,522,-96,-143,-261
2025-11-19T12:57:16.125671,185,233,372,420,381,132,73,288,11564,-9142,3924,-5977,19,-2306,496,-95,-197,-153
2025-11-19T12:57:16.155105,185,249,372,412,390,128,71,323,11574,-9153,3894,-5961,53,-2290,550,66,-219,-89
2025-11-19T12:57:16.162641,189,243,361,414,379,100,67,335,11596,-9146,3869,-5945,46,-2129,539,150,-180,-17
2025-11-19T12:57:16.184762,173,252,304,429,384,88,62,330,11604,-9154,3857,-5924,61,-2076,556,0,-154,-1
2025-11-19T12:57:16.207684,166,236,284,360,304,95,59,242,11591,-9183,3852,-5909,121,-2081,598,-187,-113,-38
2025-11-19T12:57:16.222529,151,217,287,388,298,91,59,234,11572,-9219,3847,-5894,116,-2132,580,-220,-121,-63
2025-11-19T12:57:16.245088,147,187,243,390,331,83,55,200,11558,-9245,3833,-5888,166,-2137,532,-108,-108,-87
2025-11-19T12:57:16.267760,130,182,194,423,307,97,57,255,11555,-9258,3805,-5894,213,-2083,504,28,-108,-111
2025-11-19T12:57:16.282597,119,157,189,386,331,93,62,227,11552,-9268,3775,-5903,233,-1985,486,38,-97,-117
2025-11-19T12:57:16.304489,122,163,215,401,340,101,72,237,11536,-9295,3756,-5904,220,-1985,474,-91,-95,-109
2025-11-19T12:57:16.327505,119,164,213,378,318,103,88,279,11518,-9322,3740,-5907,231,-2062,469,-96,-77,-111
2025-11-19T12:57:16.341778,101,144,215,377,336,176,97,288,11508,-9336,3718,-5918,267,-2032,438,17,-53,-112
2025-11-19T12:57:16.365053,100,128,241,345,375,177,98,245,11497,-9351,3700,-5927,252,-2022,435,-3,-52,-107
2025-11-19T12:57:16.387475,97,123,255,329,332,181,95,267,11483,-9372,3689,-5928,262,-1997,425,-64,-47,-64
2025-11-19T12:57:16.402569,93,111,257,323,351,179,87,265,11467,-9397,3689,-5920,247,-2012,390,-101,-50,-10
2025-11-19T12:57:16.424952,92,116,296,328,362,183,76,249,11452,-9417,3703,-5907,209,-2234,404,-93,-6,30
2025-11-19T12:57:16.447583,106,138,290,312,377,117,75,294,11463,-9413,3705,-5892,214,-2044,437,60,-39,95
2025-11-19T12:57:16.461894,112,147,282,325,334,92,72,304,11478,-9403,3697,-5881,181,-2028,403,142,-62,53
2025-11-19T12:57:16.485015,103,161,327,365,335,80,67,284,11491,-9397,3678,-5879,204,-2020,442,135,-81,-21
2025-11-19T12:57:16.507474,98,156,302,345,376,93,67,277,11513,-9376,3645,-5889,227,-2148,428,294,-79,-69
2025-11-19T12:57:16.521755,92,149,259,325,384,123,65,253,11570,-9314,3597,-5907,232,-2151,510,580,-69,-27
2025-11-19T12:57:16.545066,78,138,249,324,302,124,60,187,11640,-9229,3545,-5933,198,-1987,565,697,-43,-31
2025-11-19T12:57:16.567497,70,143,229,311,307,126,64,212,11680,-9175,3512,-5959,225,-1748,564,410,15,-40
2025-11-19T12:57:16.581995,75,134,210,357,328,131,69,244,11674,-9173,3502,-5978,249,-1817,538,32,37,-88
2025-11-19T12:57:16.605024,76,132,233,414,247,113,66,242,11651,-9188,3510,-5995,252,-1972,499,-88,91,-92
2025-11-19T12:57:16.627814,78,137,234,412,214,73,67,249,11642,-9192,3522,-6001,189,-1981,418,23,76,-26
2025-11-19T12:57:16.641747,81,130,248,404,212,66,65,254,11643,-9185,3528,-6005,183,-1901,436,83,53,-1
2025-11-19T12:57:16.665051,78,126,254,412,194,61,60,207,11636,-9182,3545,-6015,223,-1887,473,8,121,13
2025-11-19T12:57:16.687516,70,132,198,334,134,48,54,166,11621,-9191,3571,-6015,202,-1881,501,-116,102,39
2025-11-19T12:57:16.702459,70,129,186,291,138,48,58,184,11599,-9214,3595,-6007,207,-1998,514,-196,53,33
2025-11-19T12:57:16.725467,70,118,218,283,158,48,52,180,11586,-9226,3617,-6000,215,-1952,569,-149,58,61
2025-11-19T12:57:16.747508,57,111,203,330,296,55,44,155,11569,-9245,3644,-5987,169,-1974,549,-209,44,57
2025-11-19T12:57:16.761356,49,98,199,358,305,60,45,148,11562,-9262,3658,-5966,164,-1898,606,-190,-50,80
2025-11-19T12:57:16.785264,48,74,190,357,373,67,45,144,11546,-9290,3679,-5940,206,-1851,535,-259,-34,109
2025-11-19T12:57:16.807692,43,70,172,334,415,82,53,213,11524,-9329,3701,-5908,223,-1844,526,-335,-62,127
2025-11-19T12:57:16.821745,37,52,151,326,442,87,56,219,11499,-9374,3728,-5868,200,-1975,470,-347,-80,148
2025-11-19T12:57:16.845060,35,52,155,275,372,81,56,217,11480,-9413,3757,-5824,202,-2024,456,-311,-76,188
2025-11-19T12:57:16.867460,30,44,149,242,365,79,53,212,11466,-9443,3783,-5787,178,-2063,409,-221,-56,163
2025-11-19T12:57:16.881770,43,53,152,248,294,75,53,224,11466,-9450,3798,-5766,213,-2020,427,-59,-14,141
2025-11-19T12:57:16.905111,46,82,159,255,228,55,43,160,11460,-9457,3820,-5751,178,-1968,430,-98,36,118
2025-11-19T12:57:16.924755,45,84,121,256,151,41,35,144,11435,-9481,3860,-5734,135,-2037,416,-253,83,107
2025-11-19T12:57:16.949903,59,90,108,273,149,39,35,143,11400,-9520,3911,-5706,82,-2075,358,-354,75,116
2025-11-19T12:57:16.964896,61,92,91,234,150,40,41,143,11356,-9567,3957,-5682,117,-2082,404,-434,63,77
2025-11-19T12:57:16.987183,51,88,204,379,195,42,41,124,11313,-9615,3993,-5663,154,-2122,382,-404,44,42
2025-11-19T12:57:17.010272,47,63,203,388,223,51,39,84,11286,-9646,4015,-5649,158,-2136,376,-253,21,34
2025-11-19T12:57:17.024911,59,67,219,416,240,52,38,70,11277,-9656,4020,-5644,152,-2051,398,-90,-4,14
2025-11-19T12:57:17.047658,54,86,252,423,235,54,46,111,11269,-9665,4025,-5642,170,-1982,371,-74,6,12
2025-11-19T12:57:17.070346,53,87,256,420,232,50,48,112,11254,-9681,4033,-5638,180,-2017,389,-146,11,16
2025-11-19T12:57:17.085057,54,84,179,325,220,46,48,110,11239,-9697,4049,-5629,152,-2089,384,-157,22,36
2025-11-19T12:57:17.107306,54,85,234,349,217,53,46,110,11226,-9713,4056,-5623,115,-2126,361,-121,-9,-14
2025-11-19T12:57:17.129920,41,79,222,312,199,54,46,110,11219,-9721,4056,-5624,121,-2154,351,-37,-3,-45
2025-11-19T12:57:17.145110,33,71,202,293,200,52,36,66,11222,-9718,4045,-5629,144,-2062,325,73,-22,-47
2025-11-19T12:57:17.167597,37,70,208,300,231,54,29,51,11222,-9716,4029,-5644,182,-2007,328,73,-2,-91
2025-11-19T12:57:17.189921,36,70,254,283,230,56,28,42,11211,-9726,4023,-5654,156,-2048,279,-2,7,-86
2025-11-19T12:57:17.205071,65,84,230,230,205,42,28,73,11201,-9733,4020,-5665,173,-1984,291,-7,28,-72
2025-11-19T12:57:17.227577,69,85,252,219,207,38,27,78,11187,-9743,4021,-5674,162,-1980,282,-42,38,-68
2025-11-19T12:57:17.249606,68,71,257,335,242,55,28,78,11168,-9759,4032,-5677,150,-1992,290,-112,51,-38
2025-11-19T12:57:17.265023,67,70,252,331,214,56,28,80,11149,-9775,4048,-5676,112,-2027,295,-131,48,-26
2025-11-19T12:57:17.287592,67,67,253,318,183,55,27,80,11138,-9781,4055,-5679,139,-2071,331,-62,39,-33
2025-11-19T12:57:17.310005,46,47,264,330,183,58,32,53,11134,-9779,4060,-5687,143,-2023,324,3,54,-27
2025-11-19T12:57:17.324473,46,66,242,358,182,61,46,69,11136,-9771,4062,-5696,159,-1953,342,38,48,-13
2025-11-19T12:57:17.347575,46,65,238,248,111,45,46,74,11136,-9766,4066,-5701,154,-1973,354,9,41,2
2025-11-19T12:57:17.370331,44,65,238,262,128,44,46,74,11136,-9763,4073,-5702,157,-2052,361,-7,36,22
2025-11-19T12:57:17.384293,44,70,191,256,139,44,48,74,11146,-9749,4076,-5705,133,-2040,365,76,27,23
2025-11-19T12:57:17.407486,39,70,139,231,127,43,49,73,11160,-9733,4075,-5706,138,-2019,366,97,10,32
2025-11-19T12:57:17.430082,32,55,163,278,128,41,42,60,11168,-9725,4075,-5704,145,-2028,341,61,-1,35
2025-11-19T12:57:17.443837,27,49,146,267,127,41,42,84,11169,-9722,4078,-5704,160,-2067,349,21,16,15
2025-11-19T12:57:17.467607,31,60,148,259,116,41,44,104,11171,-9720,4078,-5704,156,-2074,342,19,2,5
2025-11-19T12:57:17.490006,28,60,143,255,119,40,48,109,11178,-9712,4072,-5707,164,-2043,375,64,-12,3
2025-11-19T12:57:17.505165,30,60,178,282,128,38,44,108,11184,-9708,4065,-5709,152,-2032,363,49,-17,-12
2025-11-19T12:57:17.527572,31,60,173,213,132,34,40,105,11188,-9707,4059,-5707,145,-2038,363,30,-34,-13
2025-11-19T12:57:17.550092,41,61,173,238,135,34,48,106,11196,-9701,4049,-5707,149,-2033,368,62,-39,-12
2025-11-19T12:57:17.564391,44,67,186,257,130,31,48,93,11207,-9693,4038,-5708,159,-1999,381,82,-37,-3
2025-11-19T12:57:17.587759,45,68,186,268,114,32,44,90,11213,-9691,4033,-5703,131,-1994,372,27,-47,7
2025-11-19T12:57:17.610245,51,74,157,242,109,30,44,96,11217,-9693,4030,-5693,126,-2022,365,0,-56,15
2025-11-19T12:57:17.632603,52,75,184,258,101,28,44,97,11224,-9691,4023,-5688,162,-2017,369,34,-49,16
2025-11-19T12:57:17.650211,44,73,183,236,97,26,34,70,11231,-9688,4015,-5684,166,-2016,361,50,-45,16
2025-11-19T12:57:17.669923,43,56,201,211,88,28,32,69,11242,-9682,4007,-5680,151,-2002,368,70,-49,18
2025-11-19T12:57:17.683969,43,60,226,204,89,27,36,86,11252,-9677,4001,-5673,145,-1980,367,54,-53,32
2025-11-19T12:57:17.707493,39,56,234,205,84,27,36,83,11260,-9676,3997,-5661,146,-1977,350,31,-60,48
2025-11-19T12:57:17.730074,38,58,218,168,81,28,36,81,11268,-9675,3995,-5648,148,-2013,364,28,-64,61
2025-11-19T12:57:17.744272,41,60,235,173,86,33,41,85,11278,-9673,3994,-5634,153,-2000,355,33,-58,76
2025-11-19T12:57:17.767624,37,62,219,164,95,32,39,80,11286,-9671,3994,-5620,154,-1996,363,23,-51,84
2025-11-19T12:57:17.790213,35,57,198,173,121,34,37,70,11290,-9675,4000,-5601,144,-2019,349,-30,-54,93
2025-11-19T12:57:17.804368,31,54,227,190,118,42,47,89,11291,-9682,4005,-5582,152,-2023,347,-39,-51,96
2025-11-19T12:57:17.827524,29,47,219,187,113,44,49,92,11293,-9686,4012,-5566,146,-2028,350,-35,-37,91
2025-11-19T12:57:17.850100,27,44,222,183,112,40,45,89,11294,-9691,4021,-5549,130,-2017,340,-40,-32,92
2025-11-19T12:57:17.873259,31,57,235,191,120,38,45,86,11298,-9692,4028,-5535,151,-2021,345,-12,-25,95
2025-11-19T12:57:17.887606,33,56,241,192,97,38,45,79,11305,-9689,4034,-5521,136,-2004,342,17,-20,99
2025-11-19T12:57:17.909982,36,56,221,175,96,29,33,79,11310,-9686,4043,-5508,123,-2043,339,10,-11,97
2025-11-19T12:57:17.932413,37,59,213,166,91,25,31,85,11315,-9682,4053,-5498,112,-2036,357,8,5,86
2025-11-19T12:57:17.947576,38,62,195,182,92,27,30,85,11315,-9685,4064,-5487,113,-2046,342,-34,3,75
2025-11-19T12:57:17.970063,32,49,212,173,92,30,32,85,11312,-9689,4074,-5478,106,-2065,363,-55,5,58
2025-11-19T12:57:17.992377,36,48,200,163,105,28,31,83,11312,-9689,4079,-5473,120,-2075,369,-11,0,40
2025-11-19T12:57:18.007230,36,69,185,148,105,26,32,91,11317,-9684,4079,-5472,119,-2053,377,29,2,24
2025-11-19T12:57:18.030045,36,70,186,150,104,29,31,92,11320,-9679,4076,-5475,122,-2065,383,36,5,1
2025-11-19T12:57:18.052642,34,69,228,131,102,29,30,92,11325,-9673,4070,-5482,131,-2055,372,59,6,-19
2025-11-19T12:57:18.067651,35,66,192,130,80,28,29,91,11327,-9668,4063,-5491,126,-2056,361,62,8,-35
2025-11-19T12:57:18.097601,33,69,197,111,57,30,28,92,11329,-9664,4055,-5499,120,-2037,360,57,3,-43
2025-11-19T12:57:18.112601,44,75,204,146,57,31,28,73,11332,-9660,4046,-5509,124,-2011,365,58,5,-50
2025-11-19T12:57:18.127438,45,76,217,148,54,30,33,76,11333,-9656,4040,-5517,127,-1991,364,46,8,-41
2025-11-19T12:57:18.150004,79,90,181,144,56,32,39,92,11333,-9654,4036,-5522,104,-1997,378,19,4,-29
2025-11-19T12:57:18.172554,85,94,173,155,68,31,38,95,11334,-9654,4037,-5521,81,-2003,385,0,-3,-11
2025-11-19T12:57:18.187626,84,93,188,154,65,34,41,107,11334,-9653,4037,-5521,80,-2008,399,0,-4,-7
2025-11-19T12:57:18.210061,81,87,177,135,76,35,40,116,11333,-9655,4038,-5520,108,-1978,403,-33,-6,1
2025-11-19T12:57:18.232579,82,85,189,169,92,33,39,107,11325,-9665,4041,-5517,125,-1988,398,-87,-6,0
2025-11-19T12:57:18.247601,52,69,179,190,95,33,36,97,11319,-9673,4043,-5513,127,-2017,384,-68,-11,6
2025-11-19T12:57:18.270050,42,68,180,201,93,33,42,98,11319,-9676,4042,-5510,126,-2030,380,-18,-17,6
2025-11-19T12:57:18.292963,47,78,159,213,93,29,41,109,11321,-9674,4040,-5510,113,-2044,364,23,-13,-1
2025-11-19T12:57:18.307095,42,75,162,202,86,28,42,97,11326,-9670,4035,-5512,124,-2050,387,39,-12,-9
2025-11-19T12:57:18.330056,40,75,151,169,71,28,39,100,11328,-9668,4029,-5514,118,-2046,355,44,-13,-19
2025-11-19T12:57:18.352624,39,78,204,156,61,25,37,96,11330,-9666,4021,-5520,124,-2055,358,50,-9,-40
2025-11-19T12:57:18.366309,36,76,203,126,53,23,33,95,11332,-9662,4012,-5530,142,-2045,366,61,3,-55
2025-11-19T12:57:18.390280,28,64,212,125,50,23,38,96,11334,-9657,4000,-5542,143,-2029,391,60,0,-62
2025-11-19T12:57:18.412836,30,57,240,153,46,23,35,92,11335,-9654,3990,-5553,137,-2018,367,61,2,-66
2025-11-19T12:57:18.426993,33,62,227,174,50,22,36,91,11335,-9651,3981,-5563,134,-2016,369,49,9,-65
2025-11-19T12:57:18.450089,33,65,185,163,52,25,35,91,11338,-9645,3972,-5575,139,-2010,371,77,12,-59
2025-11-19T12:57:18.472671,34,63,185,167,54,24,39,92,11341,-9638,3963,-5588,151,-1992,367,85,19,-58
2025-11-19T12:57:18.486747,37,66,193,156,63,25,43,92,11344,-9631,3955,-5599,133,-1995,400,56,12,-54
2025-11-19T12:57:18.510234,43,84,182,155,66,30,46,98,11343,-9629,3950,-5608,134,-2018,394,31,12,-55
2025-11-19T12:57:18.532340,41,88,203,141,86,30,46,94,11342,-9628,3945,-5615,131,-2024,409,12,7,-50
2025-11-19T12:57:18.546869,42,96,211,152,98,31,46,94,11345,-9623,3938,-5623,133,-2011,433,35,3,-49
2025-11-19T12:57:18.570143,44,96,222,146,97,33,46,115,11348,-9617,3932,-5630,128,-1980,423,39,4,-40
2025-11-19T12:57:18.593065,43,93,209,143,90,33,36,101,11350,-9614,3926,-5636,154,-1989,414,34,3,-32
2025-11-19T12:57:18.606784,31,71,220,126,99,29,33,93,11352,-9611,3921,-5641,149,-1994,393,35,1,-28
2025-11-19T12:57:18.629999,34,90,205,134,87,29,35,92,11356,-9606,3916,-5646,141,-1999,399,51,-2,-24
2025-11-19T12:57:18.652572,35,82,190,125,77,27,38,93,11360,-9601,3912,-5647,151,-1963,395,45,-9,-4
2025-11-19T12:57:18.666819,32,88,202,136,77,27,39,121,11360,-9601,3912,-5647,145,-1963,404,-1,-4,10
2025-11-19T12:57:18.690029,31,89,205,142,79,27,39,116,11358,-9604,3916,-5644,142,-1987,408,-33,-2,17
2025-11-19T12:57:18.712182,31,90,168,142,66,28,41,121,11356,-9607,3921,-5639,144,-2017,418,-40,0,24
2025-11-19T12:57:18.726816,28,63,200,135,60,30,44,124,11356,-9608,3923,-5637,161,-2024,425,-19,0,21
2025-11-19T12:57:18.753582,37,77,223,141,61,30,41,134,11356,-9608,3922,-5637,162,-2017,398,8,-2,8
2025-11-19T12:57:18.771892,38,70,219,132,61,28,37,92,11356,-9608,3922,-5637,154,-2012,400,0,4,3
2025-11-19T12:57:18.794253,39,69,210,125,63,29,37,91,11354,-9610,3924,-5637,152,-1999,406,-18,4,6
2025-11-19T12:57:18.813882,39,68,206,123,59,30,36,86,11354,-9610,3924,-5636,149,-1998,389,-12,1,6
2025-11-19T12:57:18.831852,42,73,171,122,53,28,34,81,11354,-9610,3924,-5637,152,-2011,408,14,4,12
2025-11-19T12:57:18.854343,40,68,159,127,58,28,34,81,11357,-9607,3924,-5636,143,-2008,404,20,1,13
2025-11-19T12:57:18.873671,39,69,180,135,64,32,32,77,11357,-9607,3924,-5636,151,-2002,397,10,10,12
2025-11-19T12:57:18.891357,40,74,184,156,62,32,37,77,11357,-9607,3924,-5636,157,-2003,403,5,11,14
2025-11-19T12:57:18.914367,42,76,206,157,66,34,39,85,11357,-9606,3927,-5635,155,-1995,404,-3,10,19
2025-11-19T12:57:18.933551,46,86,210,157,69,33,39,112,11357,-9607,3931,-5632,134,-2018,420,-21,3,20
2025-11-19T12:57:18.951881,42,73,206,142,60,34,41,102,11357,-9606,3931,-5632,143,-2011,435,3,-2,14
2025-11-19T12:57:18.974381,42,73,189,147,58,30,39,98,11363,-9600,3930,-5631,131,-2004,452,17,-8,15
2025-11-19T12:57:18.993990,42,73,188,138,58,30,35,95,11368,-9596,3931,-5626,115,-1997,430,11,-15,23
2025-11-19T12:57:19.011880,40,71,163,132,53,25,31,87,11374,-9592,3931,-5622,126,-1996,422,21,-16,19
2025-11-19T12:57:19.034345,33,70,162,123,52,26,32,52,11380,-9588,3930,-5619,136,-2002,424,26,-18,27
2025-11-19T12:57:19.054184,29,71,161,146,52,26,30,57,11385,-9583,3928,-5616,154,-2005,400,41,-13,25
2025-11-19T12:57:19.071896,32,72,133,132,46,26,36,86,11391,-9578,3927,-5615,153,-1992,390,47,-5,29
2025-11-19T12:57:19.093943,33,68,134,119,43,26,37,90,11393,-9577,3929,-5612,156,-1980,375,23,6,35
2025-11-19T12:57:19.114773,32,66,167,118,50,26,39,92,11392,-9577,3936,-5608,140,-1991,389,-11,14,38
2025-11-19T12:57:19.131227,36,61,170,122,51,24,36,90,11391,-9577,3946,-5602,122,-1982,404,-32,21,50
2025-11-19T12:57:19.154327,37,61,153,102,61,23,37,86,11386,-9581,3959,-5596,132,-1975,399,-59,28,53
2025-11-19T12:57:19.181599,36,59,157,114,65,23,38,68,11380,-9587,3973,-5589,136,-2006,413,-86,27,58
2025-11-19T12:57:19.191468,34,57,163,137,66,23,36,71,11377,-9590,3986,-5581,121,-2016,423,-71,21,63
2025-11-19T12:57:19.214601,42,70,131,173,68,28,35,71,11373,-9594,4000,-5571,105,-2039,436,-84,17,63
2025-11-19T12:57:19.233551,43,80,119,174,67,29,35,73,11371,-9598,4010,-5563,120,-2034,440,-73,9,52
2025-11-19T12:57:19.251844,43,83,153,199,70,31,36,72,11369,-9601,4017,-5557,115,-2022,436,-59,2,36
2025-11-19T12:57:19.274243,40,87,169,196,69,31,30,64,11368,-9604,4021,-5550,116,-2039,437,-56,-13,33
2025-11-19T12:57:19.301115,46,89,164,186,74,29,31,57,11370,-9605,4022,-5543,104,-2031,430,-26,-27,26
2025-11-19T12:57:19.312369,40,83,192,162,69,25,34,66,11377,-9601,4020,-5538,95,-2022,436,19,-32,22
2025-11-19T12:57:19.334412,38,77,210,161,71,27,38,68,11384,-9596,4016,-5534,112,-2010,398,39,-30,20
2025-11-19T12:57:19.353724,39,76,204,139,66,27,36,64,11391,-9592,4010,-5531,124,-2029,380,59,-29,17
2025-11-19T12:57:19.371842,43,71,193,151,67,27,36,63,11399,-9585,4005,-5530,121,-2006,369,80,-22,17
2025-11-19T12:57:19.394447,44,72,215,151,59,31,40,65,11403,-9582,4004,-5528,119,-1981,359,44,-7,23
2025-11-19T12:57:19.413731,48,87,197,145,59,31,40,84,11397,-9590,4010,-5522,131,-2002,355,-45,0,29
2025-11-19T12:57:19.431864,47,72,175,144,58,29,38,81,11391,-9597,4016,-5519,131,-2028,367,-48,13,24
2025-11-19T12:57:19.454368,47,73,174,133,56,29,39,84,11386,-9600,4023,-5518,123,-2033,382,-34,25,19
2025-11-19T12:57:19.473597,45,76,183,117,51,30,42,86,11384,-9601,4031,-5517,97,-2025,413,-36,25,17
2025-11-19T12:57:19.491892,38,79,164,116,51,27,38,84,11377,-9605,4039,-5516,104,-2021,402,-58,27,9
2025-11-19T12:57:19.514135,35,65,157,113,50,27,35,60,11372,-9608,4045,-5517,98,-2043,414,-51,26,-4
2025-11-19T12:57:19.533538,36,79,166,160,68,29,34,57,11372,-9605,4048,-5522,96,-2026,423,-2,32,-11
2025-11-19T12:57:19.551812,33,76,192,177,66,28,34,86,11372,-9600,4048,-5528,109,-2010,406,21,28,-17
2025-11-19T12:57:19.574256,31,76,201,197,69,29,33,86,11370,-9599,4050,-5533,111,-1989,387,0,28,-10
2025-11-19T12:57:19.593873,29,71,194,199,73,32,33,85,11367,-9599,4054,-5536,104,-2004,397,-16,30,-10
2025-11-19T12:57:19.611895,28,68,192,193,74,35,33,81,11365,-9598,4059,-5539,98,-2004,395,-13,32,-2
2025-11-19T12:57:19.633825,22,50,196,169,61,34,32,82,11361,-9599,4064,-5541,103,-1995,396,-28,31,-1
2025-11-19T12:57:19.649335,22,46,151,144,59,33,31,50,11353,-9604,4073,-5541,95,-2023,408,-74,30,-2
2025-11-19T12:57:19.670671,21,40,129,124,57,33,29,46,11348,-9607,4077,-5545,113,-2037,428,-48,30,-9
2025-11-19T12:57:19.694452,22,42,188,146,54,28,26,43,11344,-9608,4080,-5548,110,-2034,402,-25,22,-13
2025-11-19T12:57:19.714423,21,34,186,151,58,27,26,45,11344,-9607,4076,-5551,115,-2053,421,-3,-1,-20
2025-11-19T12:57:19.731158,24,53,189,151,64,28,28,80,11349,-9601,4068,-5559,133,-2024,410,57,-2,-28
2025-11-19T12:57:19.754344,30,69,189,157,65,29,30,81,11355,-9595,4060,-5564,108,-2004,409,57,-13,-25
2025-11-19T12:57:19.776811,33,70,185,148,70,26,29,82,11361,-9589,4052,-5568,115,-2002,413,49,-13,-26
2025-11-19T12:57:19.791881,33,69,123,122,68,27,32,89,11366,-9583,4046,-5571,95,-1987,408,46,-15,-20
2025-11-19T12:57:19.814320,32,70,194,143,68,26,31,91,11369,-9581,4043,-5572,103,-1992,395,22,-10,-11
2025-11-19T12:57:19.836813,33,59,183,134,54,25,30,66,11371,-9578,4040,-5574,113,-2010,397,28,-3,-8
2025-11-19T12:57:19.851836,34,62,192,130,55,24,29,88,11375,-9574,4035,-5577,132,-2019,391,53,-4,-4
2025-11-19T12:57:19.874327,33,66,194,127,51,26,36,93,11379,-9570,4032,-5578,125,-2003,385,41,-4,3
2025-11-19T12:57:19.896853,34,72,201,152,48,26,33,88,11379,-9570,4033,-5578,107,-2013,387,-3,4,-3
2025-11-19T12:57:19.912317,39,72,177,138,45,24,35,82,11378,-9570,4033,-5578,121,-2017,391,-11,15,-10
2025-11-19T12:57:19.934368,39,72,175,137,49,24,34,80,11376,-9571,4035,-5580,114,-2008,401,-8,20,-7
2025-11-19T12:57:19.956829,38,76,212,142,44,25,33,49,11374,-9571,4039,-5582,102,-2002,401,-16,21,-7
2025-11-19T12:57:19.971892,38,73,212,145,46,26,28,54,11370,-9573,4042,-5584,107,-2008,401,-23,20,-8
2025-11-19T12:57:19.994248,37,69,208,114,47,25,27,63,11367,-9573,4045,-5587,123,-1995,413,-22,27,-3
2025-11-19T12:57:20.017148,35,68,183,112,48,25,25,63,11365,-9573,4048,-5589,117,-2001,409,-12,23,-1
2025-11-19T12:57:20.035690,31,66,183,108,50,28,27,62,11363,-9573,4053,-5591,108,-1990,419,-26,23,4
2025-11-19T12:57:20.054320,27,42,157,106,54,29,29,68,11360,-9575,4058,-5589,107,-2002,424,-50,14,9
2025-11-19T12:57:20.076867,27,42,161,141,53,29,27,56,11355,-9580,4064,-5586,107,-2014,424,-60,10,14
2025-11-19T12:57:20.096120,31,49,159,142,53,30,28,60,11351,-9585,4069,-5584,117,-2023,424,-63,7,10
2025-11-19T12:57:20.114362,30,66,151,135,51,35,34,75,11351,-9584,4070,-5583,117,-2007,427,-17,-1,12
2025-11-19T12:57:20.136810,31,66,173,131,47,33,32,78,11352,-9584,4070,-5583,97,-2017,413,8,-5,8
2025-11-19T12:57:20.156095,30,67,174,140,47,33,35,74,11356,-9580,4068,-5582,107,-2011,405,24,-12,9
2025-11-19T12:57:20.174275,29,68,173,104,42,30,35,76,11360,-9577,4066,-5580,109,-2005,385,36,-11,11
2025-11-19T12:57:20.196459,25,61,172,100,43,30,33,64,11362,-9575,4067,-5578,105,-2008,388,9,-5,17
2025-11-19T12:57:20.216768,24,43,195,114,47,26,30,49,11362,-9575,4067,-5578,111,-2005,404,1,-3,14
2025-11-19T12:57:20.234371,22,41,178,124,52,26,32,44,11363,-9575,4068,-5576,114,-2019,390,2,-2,17
2025-11-19T12:57:20.256746,30,64,190,111,49,27,29,73,11364,-9574,4069,-5574,121,-2001,389,6,-1,18
2025-11-19T12:57:20.276128,30,66,183,112,53,27,32,76,11364,-9574,4069,-5574,114,-2011,398,-7,3,14
2025-11-19T12:57:20.294379,30,68,184,112,52,30,32,77,11364,-9574,4069,-5574,118,-2015,408,-16,6,12
2025-11-19T12:57:20.316352,28,68,159,104,47,28,31,73,11363,-9575,4072,-5573,105,-2011,401,-20,6,10
2025-11-19T12:57:20.335860,30,70,186,102,51,28,32,75,11362,-9576,4075,-5571,94,-2012,414,-25,4,9
2025-11-19T12:57:20.354278,30,68,155,112,53,29,30,47,11360,-9578,4076,-5569,117,-2008,401,-22,-6,10
2025-11-19T12:57:20.376937,34,71,194,111,50,29,26,45,11361,-9578,4076,-5569,106,-2022,404,-6,0,4
2025-11-19T12:57:20.396726,35,73,190,113,52,28,30,75,11361,-9578,4076,-5569,95,-2016,407,9,-4,4
2025-11-19T12:57:20.414009,35,72,188,105,56,30,29,78,11361,-9578,4076,-5569,96,-1990,403,-2,-3,7
2025-11-19T12:57:20.453306,35,71,166,107,46,29,26,77,11361,-9578,4076,-5569,108,-1998,402,-7,-4,9
2025-11-19T12:57:20.460037,28,53,195,130,52,26,26,76,11362,-9577,4078,-5566,97,-1996,395,-4,-5,17
2025-11-19T12:57:20.481921,24,47,180,133,55,26,24,72,11363,-9577,4082,-5561,93,-2003,390,-8,-1,26
2025-11-19T12:57:20.496854,25,67,186,134,53,25,21,37,11363,-9578,4086,-5558,107,-2009,379,-8,2,27
2025-11-19T12:57:20.516877,24,71,217,151,51,24,22,64,11364,-9577,4090,-5554,106,-2023,401,-9,3,29
2025-11-19T12:57:20.534345,24,74,232,146,53,27,25,72,11362,-9580,4094,-5549,99,-2024,378,-24,-2,26
2025-11-19T12:57:20.556820,26,74,212,128,49,26,24,72,11359,-9584,4099,-5546,100,-2029,392,-42,3,16
2025-11-19T12:57:20.576113,27,72,203,123,45,25,24,75,11356,-9587,4102,-5545,115,-2013,394,-29,12,8
2025-11-19T12:57:20.601700,33,76,234,155,46,25,27,73,11352,-9589,4105,-5545,116,-2027,374,-18,14,9
2025-11-19T12:57:20.614347,34,75,210,150,46,24,27,48,11352,-9589,4105,-5546,108,-2022,393,-16,14,9
2025-11-19T12:57:20.634875,35,73,193,150,46,23,26,68,11351,-9589,4108,-5546,97,-2014,389,-7,16,6
2025-11-19T12:57:20.654305,35,73,189,142,44,25,27,74,11352,-9588,4109,-5546,86,-2000,401,0,15,5
2025-11-19T12:57:20.676526,35,77,198,148,45,28,28,74,11350,-9588,4113,-5545,85,-1998,392,-19,14,10
2025-11-19T12:57:20.707498,27,53,165,129,45,30,27,75,11347,-9591,4120,-5542,82,-2022,392,-38,15,14
2025-11-19T12:57:20.715039,28,50,168,126,48,31,29,75,11347,-9590,4124,-5541,95,-2013,404,-19,12,17
2025-11-19T12:57:20.736814,25,47,176,134,58,30,25,44,11345,-9591,4128,-5539,93,-2025,398,-26,13,14
2025-11-19T12:57:20.763615,24,56,191,144,59,30,25,32,11342,-9594,4131,-5539,109,-2022,386,-27,9,7
2025-11-19T12:57:20.774218,29,68,185,144,60,29,26,30,11341,-9594,4132,-5540,107,-2024,400,-17,9,5
2025-11-19T12:57:20.797146,29,68,181,139,61,29,25,28,11341,-9594,4132,-5540,95,-2018,410,-4,2,1
2025-11-19T12:57:20.819183,28,71,184,133,56,30,26,47,11342,-9594,4132,-5540,81,-2021,405,-4,-2,-2
2025-11-19T12:57:20.834138,29,73,179,131,45,31,29,72,11342,-9593,4132,-5540,90,-2026,386,-5,-2,-6
2025-11-19T12:57:20.856828,28,65,172,124,51,30,31,74,11342,-9593,4132,-5540,92,-2024,392,13,-5,-8
2025-11-19T12:57:20.879347,25,49,176,117,52,30,30,76,11345,-9590,4130,-5541,95,-2023,391,27,-5,-5
2025-11-19T12:57:20.893675,24,49,175,101,54,28,30,77,11345,-9590,4130,-5541,103,-2012,389,10,-9,-8
2025-11-19T12:57:20.916412,27,72,182,110,57,25,29,66,11345,-9590,4129,-5541,101,-2021,388,-6,-13,-9
2025-11-19T12:57:20.939459,27,74,211,125,76,25,30,76,11345,-9590,4130,-5541,97,-2024,377,-1,-12,-11
2025-11-19T12:57:20.954103,27,76,208,117,73,27,28,77,11345,-9590,4129,-5541,99,-2025,394,11,-12,-16
2025-11-19T12:57:20.976619,25,77,213,119,71,25,27,76,11347,-9587,4125,-5545,96,-2006,390,31,-4,-18
2025-11-19T12:57:20.998815,25,78,244,137,71,24,28,78,11349,-9584,4123,-5548,85,-2002,399,22,3,-21
2025-11-19T12:57:21.014218,28,71,240,135,76,26,28,78,11349,-9584,4123,-5548,100,-2004,373,1,10,-11
2025-11-19T12:57:21.036323,28,69,227,117,54,24,28,53,11349,-9584,4122,-5548,97,-2003,394,10,10,-6
2025-11-19T12:57:21.059299,28,69,229,117,52,24,27,71,11349,-9584,4123,-5548,95,-1993,384,2,10,-2
2025-11-19T12:57:21.074296,28,70,237,141,53,26,29,74,11349,-9584,4122,-5548,101,-2015,392,-15,8,4
2025-11-19T12:57:21.096808,29,68,202,131,52,28,30,74,11348,-9584,4125,-5548,101,-2001,402,-17,9,8
2025-11-19T12:57:21.123166,23,48,192,124,45,27,30,73,11349,-9584,4124,-5548,97,-1997,397,-3,10,14
2025-11-19T12:57:21.134284,22,45,173,119,45,27,26,65,11347,-9586,4127,-5547,101,-2010,385,-22,5,13
2025-11-19T12:57:21.156876,27,69,164,126,45,26,27,42,11345,-9587,4129,-5545,104,-2029,396,-20,1,11
2025-11-19T12:57:21.179308,27,69,126,105,44,27,28,73,11346,-9587,4129,-5545,98,-2049,401,7,-6,7
2025-11-19T12:57:21.194647,26,70,143,96,44,26,29,79,11349,-9584,4127,-5545,93,-2018,405,20,-9,3
2025-11-19T12:57:21.216853,27,72,172,96,44,25,27,82,11350,-9583,4127,-5545,93,-2007,404,-3,-5,-1
2025-11-19T12:57:21.239275,28,72,173,95,51,26,27,83,11348,-9586,4126,-5545,105,-2026,402,-20,-8,-1
2025-11-19T12:57:21.254341,23,52,167,81,52,30,25,82,11348,-9586,4126,-5545,105,-2012,380,-3,-9,0
2025-11-19T12:57:21.276810,52,70,172,80,85,28,24,51,11348,-9586,4126,-5545,90,-2016,390,6,-14,-1
2025-11-19T12:57:21.299321,57,72,154,90,94,28,24,37,11351,-9586,4122,-5541,93,-1998,397,5,-36,5
2025-11-19T12:57:21.319365,57,72,123,127,99,28,24,29,11352,-9588,4120,-5537,102,-1994,376,-8,-22,13
2025-11-19T12:57:21.336771,57,74,117,130,95,28,26,26,11348,-9593,4123,-5533,99,-2001,376,-38,-5,13
2025-11-19T12:57:21.359105,57,72,123,138,94,24,28,24,11343,-9599,4129,-5530,93,-2008,377,-54,9,12
2025-11-19T12:57:21.374344,32,51,111,150,66,25,27,22,11338,-9603,4137,-5527,78,-2018,384,-52,18,13
2025-11-19T12:57:21.396956,23,47,122,155,52,25,25,24,11335,-9606,4144,-5523,81,-2024,384,-42,13,20
2025-11-19T12:57:21.419626,30,64,114,131,47,25,26,23,11334,-9606,4147,-5523,94,-2014,409,-24,12,10
2025-11-19T12:57:21.434396,29,63,196,137,49,26,25,23,11334,-9605,4147,-5524,105,-2040,401,1,1,13
2025-11-19T12:57:21.456804,30,62,194,142,50,28,25,21,11339,-9599,4144,-5526,106,-2023,400,39,2,7
2025-11-19T12:57:21.483613,34,61,206,132,46,26,25,22,11343,-9594,4142,-5528,103,-2008,392,32,5,7
2025-11-19T12:57:21.494114,36,64,214,122,45,27,25,25,11343,-9594,4142,-5528,98,-2017,378,-10,6,6
2025-11-19T12:57:21.516733,31,50,222,121,53,26,26,27,11340,-9597,4145,-5527,95,-2027,373,-24,6,6
2025-11-19T12:57:21.539850,31,47,151,121,115,26,26,27,11340,-9597,4145,-5527,92,-2028,378,-5,-3,4
2025-11-19T12:57:21.554282,30,45,143,123,191,31,27,28,11344,-9598,4141,-5521,79,-2007,390,3,-42,8
2025-11-19T12:57:21.576839,25,49,146,131,208,36,28,28,11344,-9606,4137,-5509,109,-1990,397,-51,-70,33
2025-11-19T12:57:21.598909,21,46,183,136,214,37,27,23,11341,-9613,4141,-5502,103,-1991,382,-62,-17,30
2025-11-19T12:57:21.622024,25,65,175,136,212,37,26,22,11333,-9622,4151,-5495,93,-1988,390,-102,11,35
2025-11-19T12:57:21.637136,25,65,176,135,186,38,26,22,11321,-9632,4164,-5490,92,-1991,374,-116,31,32
2025-11-19T12:57:21.659355,25,68,179,129,112,31,23,25,11311,-9641,4181,-5483,54,-2032,372,-113,37,36
2025-11-19T12:57:21.681891,28,67,205,132,77,29,22,24,11307,-9642,4191,-5482,94,-2069,410,-57,35,30
2025-11-19T12:57:21.696875,32,69,162,123,76,26,21,23,11305,-9643,4196,-5480,94,-2048,375,-30,17,22
2025-11-19T12:57:21.719195,30,44,166,143,94,32,23,22,11310,-9638,4196,-5479,89,-2050,403,18,0,25
2025-11-19T12:57:21.741780,35,56,169,136,95,30,22,23,11315,-9633,4195,-5477,77,-2030,389,20,-11,19
2025-11-19T12:57:21.756658,36,68,166,126,93,30,20,20,11322,-9627,4193,-5477,68,-2044,394,36,-8,6
2025-11-19T12:57:21.787621,38,72,111,107,93,26,20,22,11329,-9619,4188,-5480,84,-2014,378,64,-8,-1
2025-11-19T12:57:21.801676,36,70,101,110,91,27,21,23,11335,-9613,4184,-5481,76,-2009,357,54,-11,1
2025-11-19T12:57:21.816848,35,72,109,112,71,20,21,22,11338,-9610,4181,-5482,90,-2009,343,45,-5,2
2025-11-19T12:57:21.839317,31,64,117,116,74,20,21,21,11339,-9609,4180,-5482,98,-2026,349,26,-1,11
2025-11-19T12:57:21.870100,31,53,134,114,68,21,23,21,11339,-9609,4180,-5482,89,-2033,349,13,7,11
2025-11-19T12:57:21.876780,27,44,144,112,65,22,24,18,11338,-9609,4183,-5483,81,-2024,361,0,18,2
2025-11-19T12:57:21.899154,26,46,145,128,54,25,26,18,11333,-9611,4187,-5487,88,-2008,368,-26,32,-8
2025-11-19T12:57:21.921807,25,49,139,109,52,26,26,21,11323,-9618,4196,-5488,84,-2003,359,-72,37,-4
