timestamp,EMG_0,EMG_1,EMG_2,EMG_3,EMG_4,EMG_5,EMG_6,EMG_7,quat_0,quat_1,quat_2,quat_3,acc_0,acc_1,acc_2,gyro_0,gyro_1,gyro_2
2025-12-01T17:41:07.166757,19,17,21,17,20,23,19,21,-7299,10514,10010,-2097,862,-1546,-1200,30,-12,-32
2025-12-01T17:41:07.184312,19,20,18,18,20,20,19,20,-7304,10509,10013,-2091,884,-1562,-1199,0,1,-25
2025-12-01T17:41:07.202067,18,21,22,18,21,21,17,20,-7308,10507,10015,-2082,881,-1586,-1230,-18,22,-17
2025-12-01T17:41:07.232786,18,21,22,19,20,21,18,22,-7311,10507,10014,-2072,876,-1572,-1239,-19,33,-5
2025-12-01T17:41:07.239391,19,21,21,21,20,20,18,19,-7315,10508,10012,-2065,854,-1567,-1242,-9,40,-3
2025-12-01T17:41:07.270913,19,22,22,22,18,19,18,19,-7318,10510,10008,-2061,831,-1585,-1259,2,41,8
2025-12-01T17:41:07.284597,19,21,22,21,18,21,18,19,-7323,10512,10003,-2058,832,-1583,-1246,10,43,13
2025-12-01T17:41:07.299422,20,19,22,20,16,20,17,19,-7329,10514,9997,-2057,823,-1565,-1244,23,45,16
2025-12-01T17:41:07.322679,20,18,20,18,18,18,17,17,-7335,10515,9992,-2056,812,-1558,-1229,22,43,16
2025-12-01T17:41:07.345764,18,19,18,17,20,18,16,16,-7339,10517,9986,-2055,814,-1556,-1219,13,38,16
2025-12-01T17:41:07.362271,18,17,17,17,19,20,17,16,-7340,10521,9983,-2051,822,-1550,-1225,-9,32,15
2025-12-01T17:41:07.384840,21,17,16,17,22,19,17,18,-7341,10525,9979,-2046,831,-1566,-1222,-20,28,15
2025-12-01T17:41:07.406786,20,17,13,17,23,19,19,19,-7339,10529,9977,-2040,840,-1568,-1255,-27,25,11
2025-12-01T17:41:07.422103,21,18,16,19,21,19,20,19,-7338,10534,9974,-2036,837,-1586,-1229,-34,24,15
2025-12-01T17:41:07.444837,21,20,19,18,20,21,21,19,-7336,10539,9970,-2032,841,-1594,-1232,-36,21,23
2025-12-01T17:41:07.477885,21,21,21,17,20,19,20,20,-7337,10545,9964,-2029,837,-1592,-1216,-27,23,30
2025-12-01T17:41:07.491456,17,20,21,17,18,18,20,19,-7337,10551,9958,-2028,826,-1587,-1217,-24,27,33
2025-12-01T17:41:07.511800,17,22,22,17,18,17,20,17,-7336,10558,9951,-2026,812,-1598,-1222,-34,29,31
2025-12-01T17:41:07.525422,16,22,20,16,19,17,17,17,-7334,10565,9945,-2024,808,-1612,-1230,-39,26,26
2025-12-01T17:41:07.540452,16,21,17,16,18,16,18,18,-7334,10571,9940,-2025,811,-1621,-1220,-30,19,21
2025-12-01T17:41:07.562962,16,22,21,17,18,16,18,17,-7334,10571,9939,-2026,816,-1649,-1236,-6,8,10
2025-12-01T17:41:07.585422,20,23,22,20,17,17,17,16,-7339,10568,9938,-2031,826,-1629,-1228,26,-3,-6
2025-12-01T17:41:07.600444,20,22,21,20,15,19,20,17,-7345,10562,9939,-2036,842,-1592,-1213,44,-10,-15
2025-12-01T17:41:07.622963,20,23,23,20,15,19,20,18,-7350,10556,9941,-2038,851,-1573,-1221,36,-10,-16
2025-12-01T17:41:07.644984,20,21,23,21,14,19,20,17,-7353,10551,9943,-2039,846,-1574,-1215,20,-9,-17
2025-12-01T17:41:07.660013,21,21,19,20,16,19,20,19,-7353,10551,9943,-2039,852,-1580,-1215,7,-6,-15
2025-12-01T17:41:07.682398,18,20,19,18,16,16,20,19,-7354,10551,9943,-2039,845,-1575,-1223,-1,-3,-13
2025-12-01T17:41:07.706202,19,20,22,20,18,17,18,19,-7353,10551,9943,-2038,833,-1573,-1233,1,1,-9
2025-12-01T17:41:07.722274,19,16,20,20,18,18,19,17,-7353,10551,9943,-2038,838,-1572,-1232,5,4,-1
2025-12-01T17:41:07.753065,17,17,20,19,19,17,17,17,-7353,10551,9944,-2038,837,-1579,-1239,2,7,3
2025-12-01T17:41:07.767314,17,17,19,20,21,18,16,16,-7353,10551,9944,-2038,837,-1575,-1223,-6,9,8
2025-12-01T17:41:07.789762,18,18,18,19,21,21,17,17,-7353,10551,9944,-2038,835,-1583,-1227,-12,9,13
2025-12-01T17:41:07.804741,17,19,16,18,19,21,16,19,-7352,10554,9941,-2037,843,-1592,-1246,-9,7,17
2025-12-01T17:41:07.827381,18,19,19,19,22,20,18,21,-7352,10556,9939,-2038,835,-1588,-1241,0,7,19
2025-12-01T17:41:07.841967,19,18,21,18,22,21,21,21,-7353,10558,9936,-2040,825,-1596,-1224,3,7,16
2025-12-01T17:41:07.864879,19,18,22,17,19,23,48,22,-7353,10558,9936,-2040,834,-1592,-1244,2,4,15
2025-12-01T17:41:07.887272,17,16,22,18,18,25,55,22,-7350,10560,9935,-2040,845,-1587,-1230,-17,-14,15
2025-12-01T17:41:07.909803,19,17,22,17,19,27,70,28,-7341,10565,9938,-2039,874,-1627,-1210,-72,-50,19
2025-12-01T17:41:07.924844,19,17,20,19,21,29,94,31,-7319,10574,9944,-2039,886,-1674,-1187,-160,-110,27
2025-12-01T17:41:07.947324,20,19,19,20,23,30,117,38,-7278,10592,9953,-2050,865,-1704,-1221,-211,-213,76
2025-12-01T17:41:07.969811,20,20,19,22,26,33,189,49,-7226,10610,9963,-2091,877,-1747,-1283,-143,-354,159
2025-12-01T17:41:07.985063,20,20,21,23,30,52,265,56,-7173,10627,9966,-2174,891,-1830,-1316,-11,-500,280
2025-12-01T17:41:08.007363,20,20,20,23,34,82,344,66,-7127,10637,9957,-2310,830,-1912,-1352,213,-630,403
2025-12-01T17:41:08.029740,23,26,100,21,37,100,381,91,-7085,10644,9935,-2494,846,-2027,-1346,378,-784,570
2025-12-01T17:41:08.044592,70,33,114,25,41,110,435,116,-7029,10665,9889,-2734,780,-2084,-1353,502,-959,845
2025-12-01T17:41:08.067363,83,61,209,26,47,155,471,118,-6951,10706,9821,-3006,720,-2212,-1272,447,-1093,1091
2025-12-01T17:41:08.089568,92,74,278,55,49,175,513,130,-6837,10775,9730,-3301,576,-2316,-1298,337,-1193,1336
2025-12-01T17:41:08.104580,99,89,365,69,47,180,470,125,-6706,10862,9610,-3619,411,-2434,-1214,282,-1237,1547
2025-12-01T17:41:08.127358,110,113,393,99,46,179,491,111,-6552,10968,9465,-3952,225,-2501,-1196,396,-1275,1815
2025-12-01T17:41:08.149434,93,124,409,124,55,180,449,90,-6400,11066,9286,-4333,49,-2505,-1106,623,-1379,2025
2025-12-01T17:41:08.164893,87,116,409,155,78,172,388,85,-6257,11155,9078,-4737,-61,-2319,-1064,803,-1387,2140
2025-12-01T17:41:08.187339,82,117,391,298,106,184,282,60,-6098,11249,8856,-5125,-237,-2057,-1075,733,-1336,2206
2025-12-01T17:41:08.209969,79,110,361,431,119,180,279,66,-5922,11354,8625,-5482,-393,-1891,-1032,576,-1222,2231
2025-12-01T17:41:08.225296,66,87,335,460,130,219,171,63,-5736,11468,8389,-5801,-490,-1781,-1035,426,-1082,2224
2025-12-01T17:41:08.247086,59,75,329,474,128,244,149,51,-5570,11575,8144,-6092,-587,-1725,-961,457,-908,2141
2025-12-01T17:41:08.269421,52,96,363,552,123,242,140,49,-5443,11666,7890,-6359,-686,-1705,-933,591,-722,2006
2025-12-01T17:41:08.284418,46,89,351,639,129,217,122,47,-5374,11728,7626,-6620,-816,-1690,-919,888,-586,1821
2025-12-01T17:41:08.306938,34,96,315,621,188,212,95,40,-5369,11752,7341,-6900,-907,-1685,-959,1357,-503,1598
2025-12-01T17:41:08.329425,29,93,302,649,226,169,87,49,-5461,11716,7060,-7177,-893,-1650,-853,1804,-441,1299
2025-12-01T17:41:08.344106,40,125,297,753,348,135,80,52,-5621,11634,6795,-7437,-894,-1513,-856,2091,-362,925
2025-12-01T17:41:08.366918,50,136,212,730,407,104,60,56,-5845,11507,6573,-7658,-883,-1379,-777,2246,-257,407
2025-12-01T17:41:08.389801,58,160,199,626,436,106,57,59,-6131,11344,6404,-7820,-815,-1327,-726,2300,-88,-161
2025-12-01T17:41:08.404481,94,236,206,765,551,102,66,64,-6451,11169,6287,-7908,-708,-1447,-732,2154,120,-614
2025-12-01T17:41:08.428002,107,244,206,750,555,110,65,57,-6789,11007,6202,-7920,-641,-1563,-768,1956,410,-922
2025-12-01T17:41:08.449887,110,237,198,684,507,94,62,58,-7120,10865,6120,-7889,-565,-1808,-798,1794,603,-958
2025-12-01T17:41:08.464883,109,256,208,697,472,99,71,58,-7423,10730,6052,-7847,-473,-1886,-778,1610,567,-934
2025-12-01T17:41:08.487593,122,339,246,772,457,94,67,54,-7669,10625,6036,-7765,-272,-1889,-782,1339,464,-895
2025-12-01T17:41:08.509723,107,334,232,670,297,86,59,48,-7863,10520,6057,-7697,-99,-1834,-692,1049,221,-787
2025-12-01T17:41:08.524824,155,397,244,675,269,61,50,49,-8002,10431,6109,-7633,37,-1853,-613,704,59,-657
2025-12-01T17:41:08.547362,169,412,239,677,247,65,51,54,-8103,10347,6194,-7572,101,-1773,-596,475,-100,-649
2025-12-01T17:41:08.569590,180,402,213,755,260,65,40,50,-8174,10267,6318,-7504,134,-1903,-472,175,-218,-708
2025-12-01T17:41:08.584794,208,355,163,694,276,65,41,61,-8264,10160,6396,-7485,-113,-2156,-326,460,-260,-644
2025-12-01T17:41:08.607230,272,356,160,672,286,74,47,78,-8363,10051,6428,-7494,51,-2350,-266,653,-211,-346
2025-12-01T17:41:08.629726,246,291,135,764,376,85,48,77,-8453,9946,6388,-7566,-219,-1924,-86,870,-206,-68
2025-12-01T17:41:08.644775,235,264,134,852,452,141,53,72,-8492,9893,6389,-7591,-142,-1754,-133,380,-147,-73
2025-12-01T17:41:08.667333,227,251,132,800,597,168,64,72,-8483,9892,6443,-7557,15,-1970,54,-316,-62,-92
2025-12-01T17:41:08.689463,197,207,124,787,663,192,76,66,-8529,9854,6433,-7564,-60,-2428,209,153,26,16
2025-12-01T17:41:08.704766,100,126,107,747,736,201,100,57,-8656,9725,6401,-7613,-103,-2381,239,843,-110,-235
2025-12-01T17:41:08.727320,99,97,107,660,917,287,144,67,-8776,9589,6382,-7664,25,-2016,221,852,-187,-238
2025-12-01T17:41:08.749749,96,97,116,533,989,299,161,69,-8885,9463,6403,-7678,127,-2061,202,631,-187,-383
2025-12-01T17:41:08.764852,96,93,101,449,916,283,157,68,-8985,9340,6440,-7681,110,-2095,217,534,-214,-462
2025-12-01T17:41:08.786988,85,87,136,428,917,270,156,66,-9057,9233,6493,-7681,73,-2220,149,400,-280,-445
2025-12-01T17:41:08.810123,63,90,252,398,902,264,150,56,-9129,9116,6524,-7709,-16,-2105,265,496,-317,-379
2025-12-01T17:41:08.833074,61,123,285,331,682,190,116,43,-9206,9001,6549,-7731,28,-1979,258,526,-270,-375
2025-12-01T17:41:08.847370,79,160,459,240,533,164,97,40,-9275,8930,6570,-7713,73,-1834,228,300,-31,-362
2025-12-01T17:41:08.869895,105,179,638,231,523,173,109,46,-9343,8907,6598,-7634,72,-1793,136,34,250,-480
2025-12-01T17:41:08.892477,131,218,727,291,430,273,158,62,-9401,8926,6629,-7513,-5,-2002,162,-242,452,-555
2025-12-01T17:41:08.907319,139,225,804,302,307,364,186,65,-9448,8969,6676,-7360,-8,-1782,51,-422,531,-637
2025-12-01T17:41:08.929877,139,206,887,301,288,363,205,65,-9487,9012,6755,-7183,135,-1866,-28,-551,490,-735
2025-12-01T17:41:08.953047,128,177,834,286,277,376,207,65,-9506,9052,6838,-7027,-73,-2133,-256,-444,350,-767
2025-12-01T17:41:08.966913,108,163,721,275,246,388,206,61,-9523,9058,6885,-6949,-133,-2326,-187,-115,139,-529
2025-12-01T17:41:08.989789,90,110,644,181,214,335,172,48,-9541,9032,6893,-6951,-83,-2334,-141,254,-48,-195
2025-12-01T17:41:09.012665,80,88,517,148,215,248,150,45,-9546,9006,6870,-7000,-185,-2118,-37,340,-132,36
2025-12-01T17:41:09.027368,72,94,335,123,201,246,135,48,-9515,9016,6852,-7047,-204,-2083,-21,85,-140,176
2025-12-01T17:41:09.050500,71,90,268,106,161,224,157,48,-9443,9080,6837,-7077,-267,-2070,-18,-270,-65,318
2025-12-01T17:41:09.073153,66,82,243,91,141,200,156,50,-9341,9166,6829,-7108,-371,-2188,-65,-432,-109,378
2025-12-01T17:41:09.088032,52,75,211,80,132,217,157,47,-9231,9234,6818,-7174,-496,-2288,-110,-298,-267,429
2025-12-01T17:41:09.112436,62,80,250,76,119,221,145,46,-9122,9265,6805,-7285,-539,-2295,-160,-44,-497,486
2025-12-01T17:41:09.133042,68,72,250,76,115,205,143,44,-9032,9249,6780,-7440,-512,-2168,-80,257,-668,536
2025-12-01T17:41:09.147279,72,72,249,84,92,206,113,42,-8954,9209,6744,-7615,-450,-2013,53,382,-732,593
2025-12-01T17:41:09.169773,76,67,250,87,93,209,110,39,-8841,9207,6721,-7767,-549,-1930,-73,132,-684,616
2025-12-01T17:41:09.193222,88,70,246,95,81,177,110,39,-8728,9179,6708,-7938,-496,-2001,42,175,-841,643
2025-12-01T17:41:09.207326,104,84,282,99,107,164,118,46,-8622,9134,6712,-8101,-469,-1947,36,191,-894,531
2025-12-01T17:41:09.229473,111,93,294,101,107,174,104,57,-8521,9082,6726,-8252,-456,-1853,81,153,-897,446
2025-12-01T17:41:09.253020,137,97,304,99,99,161,100,64,-8442,9011,6746,-8394,-367,-1914,119,223,-883,358
2025-12-01T17:41:09.267239,256,110,296,98,97,157,104,68,-8377,8928,6776,-8523,-366,-1919,146,238,-872,227
2025-12-01T17:41:09.290511,348,148,377,103,103,158,109,69,-8325,8834,6815,-8640,-319,-1912,153,258,-863,128
2025-12-01T17:41:09.311940,361,140,313,100,72,146,104,67,-8280,8734,6864,-8745,-276,-1946,150,253,-855,57
2025-12-01T17:41:09.326971,415,158,308,101,76,170,115,66,-8252,8621,6922,-8837,-192,-1974,179,277,-839,-44
2025-12-01T17:41:09.349815,432,157,328,108,90,160,114,72,-8236,8503,6982,-8920,-167,-1953,200,300,-802,-117
2025-12-01T17:41:09.372310,399,155,335,111,102,185,114,77,-8232,8380,7041,-8992,-102,-1972,204,326,-752,-165
2025-12-01T17:41:09.387032,333,129,250,103,103,220,115,77,-8235,8262,7104,-9050,-42,-1990,230,289,-687,-203
2025-12-01T17:41:09.409684,327,123,271,100,103,220,110,89,-8241,8155,7173,-9087,-5,-2015,225,206,-598,-246
2025-12-01T17:41:09.432644,317,94,258,96,100,200,103,90,-8247,8055,7238,-9119,-22,-2088,214,202,-558,-250
2025-12-01T17:41:09.447358,299,96,230,82,93,239,106,87,-8256,7949,7289,-9163,-52,-2137,262,286,-563,-221
2025-12-01T17:41:09.469780,269,84,216,79,84,221,98,84,-8264,7845,7329,-9213,-80,-2089,250,343,-552,-198
2025-12-01T17:41:09.492017,324,69,187,70,75,187,84,91,-8280,7734,7359,-9268,-44,-2136,386,364,-527,-183
2025-12-01T17:41:09.507232,332,86,124,69,74,182,92,82,-8306,7637,7370,-9318,-92,-1945,387,396,-397,-183
2025-12-01T17:41:09.529886,280,83,117,70,74,172,87,92,-8319,7574,7390,-9342,-135,-2102,351,209,-287,-179
2025-12-01T17:41:09.552356,367,104,101,77,70,100,79,95,-8320,7541,7405,-9355,-151,-2254,349,100,-183,-87
2025-12-01T17:41:09.567550,584,161,97,69,67,93,79,109,-8319,7493,7394,-9403,-230,-2267,325,328,-257,5
2025-12-01T17:41:09.589842,571,174,114,82,72,89,78,120,-8315,7436,7367,-9473,-275,-2183,330,459,-311,71
2025-12-01T17:41:09.612392,563,167,148,88,86,91,58,123,-8297,7389,7341,-9545,-301,-2085,342,390,-323,127
2025-12-01T17:41:09.627330,561,168,151,90,90,93,60,113,-8275,7342,7316,-9620,-318,-2140,360,384,-349,148
2025-12-01T17:41:09.649820,501,161,152,104,95,100,78,121,-8250,7286,7290,-9703,-297,-2115,369,437,-398,175
2025-12-01T17:41:09.672876,214,112,160,110,94,100,76,109,-8224,7224,7262,-9792,-325,-2086,371,474,-433,175
2025-12-01T17:41:09.686947,219,100,150,105,96,109,78,97,-8202,7149,7232,-9887,-276,-2069,370,557,-474,174
2025-12-01T17:41:09.709786,252,107,122,105,87,109,81,97,-8188,7048,7208,-9989,-313,-2098,482,603,-578,71
2025-12-01T17:41:09.732287,266,103,157,106,84,109,78,105,-8171,6927,7183,-10104,-109,-1911,467,689,-658,175
2025-12-01T17:41:09.747344,265,91,156,93,80,101,68,102,-8153,6812,7186,-10195,-4,-1865,442,534,-643,105
2025-12-01T17:41:09.769804,263,102,174,87,80,99,77,116,-8134,6694,7204,-10274,86,-1945,494,450,-658,84
2025-12-01T17:41:09.792527,265,103,247,93,85,105,74,126,-8120,6565,7226,-10353,182,-2010,522,490,-682,71
2025-12-01T17:41:09.815582,233,108,259,90,79,106,76,126,-8110,6428,7253,-10428,303,-1923,567,465,-683,71
2025-12-01T17:41:09.829378,270,113,251,83,82,110,82,120,-8110,6278,7278,-10501,349,-1893,623,506,-689,12
2025-12-01T17:41:09.852903,297,133,259,108,123,145,96,114,-8118,6132,7308,-10561,439,-1821,678,432,-624,-23
2025-12-01T17:41:09.872646,315,137,271,161,153,225,128,97,-8136,5999,7341,-10600,505,-1803,640,375,-511,-65
2025-12-01T17:41:09.887873,288,157,314,320,160,236,137,84,-8169,5871,7374,-10624,569,-1817,632,374,-407,-129
2025-12-01T17:41:09.911231,324,156,376,416,172,243,134,83,-8203,5764,7421,-10624,632,-1714,601,205,-316,-162
2025-12-01T17:41:09.935080,321,159,376,468,175,250,134,79,-8229,5682,7488,-10600,706,-1833,612,5,-243,-145
2025-12-01T17:41:09.949748,297,148,380,519,148,245,129,74,-8256,5624,7551,-10566,699,-1858,601,-66,-129,-125
2025-12-01T17:41:09.972235,287,130,378,597,143,203,114,77,-8286,5577,7602,-10530,652,-1779,562,-48,-57,-128
2025-12-01T17:41:09.995418,335,104,352,644,138,202,145,70,-8321,5549,7664,-10473,725,-1734,572,-205,43,-140
2025-12-01T17:41:10.009818,297,101,282,663,151,204,153,59,-8360,5533,7721,-10408,560,-1789,520,-202,93,-236
2025-12-01T17:41:10.032434,261,149,346,728,166,261,168,59,-8402,5533,7780,-10330,592,-1749,518,-293,173,-233
2025-12-01T17:41:10.055488,291,158,359,761,181,309,173,55,-8450,5559,7844,-10228,570,-1736,506,-446,308,-285
2025-12-01T17:41:10.069769,333,170,374,749,192,320,162,51,-8511,5604,7904,-10106,549,-1812,463,-496,449,-352
2025-12-01T17:41:10.092885,267,166,328,744,219,321,140,50,-8568,5669,7961,-9975,410,-1774,309,-509,517,-384
2025-12-01T17:41:10.116203,292,177,345,814,220,342,144,53,-8623,5744,8022,-9835,337,-1788,284,-582,533,-429
2025-12-01T17:41:10.129435,331,152,293,792,212,315,124,52,-8664,5837,8105,-9675,260,-1784,215,-776,518,-481
2025-12-01T17:41:10.152092,384,152,309,875,221,276,122,53,-8689,5946,8200,-9505,163,-1895,233,-933,493,-501
2025-12-01T17:41:10.175525,341,150,295,1021,265,288,130,61,-8701,6057,8284,-9350,67,-1945,129,-853,455,-450
2025-12-01T17:41:10.189982,345,150,333,1044,261,285,115,64,-8707,6182,8362,-9192,62,-1888,110,-913,509,-382
2025-12-01T17:41:10.212288,357,135,336,999,246,266,101,65,-8680,6331,8441,-9042,-80,-1948,48,-1024,458,-277
2025-12-01T17:41:10.235610,352,123,342,1104,266,271,96,69,-8625,6494,8520,-8905,-138,-1926,29,-1105,390,-137
2025-12-01T17:41:10.249559,275,110,327,1034,258,259,82,67,-8547,6669,8609,-8764,-158,-2036,31,-1258,341,-78
2025-12-01T17:41:10.272090,311,111,314,902,198,229,87,66,-8448,6839,8691,-8647,-226,-2144,88,-1252,222,22
2025-12-01T17:41:10.295175,342,110,278,848,183,229,95,65,-8354,6983,8746,-8567,-196,-2127,68,-996,163,123
2025-12-01T17:41:10.309793,319,113,286,872,207,281,113,80,-8249,7116,8806,-8498,-227,-2035,18,-971,59,137
2025-12-01T17:41:10.332280,281,110,273,810,198,268,133,82,-8146,7248,8860,-8429,-253,-1975,21,-972,82,145
2025-12-01T17:41:10.354505,274,117,283,905,225,295,141,80,-8025,7374,8942,-8349,-102,-1915,-84,-1089,-31,166
2025-12-01T17:41:10.368088,225,103,286,940,268,287,130,74,-7894,7514,9044,-8238,-125,-2009,-188,-1267,7,92
2025-12-01T17:41:10.390861,211,104,283,987,331,414,154,72,-7750,7661,9169,-8100,-109,-1983,-316,-1448,-1,35
2025-12-01T17:41:10.415666,206,104,276,1046,370,426,153,55,-7594,7784,9329,-7946,-94,-2045,-215,-1655,-168,-46
2025-12-01T17:41:10.429739,198,97,265,1022,373,495,174,52,-7436,7887,9510,-7777,-148,-2109,-339,-1713,-238,-201
2025-12-01T17:41:10.451881,188,87,226,943,428,516,194,60,-7268,7978,9711,-7593,-233,-2066,-330,-1820,-314,-317
2025-12-01T17:41:10.475055,196,89,234,920,436,576,208,63,-7091,8073,9926,-7379,-204,-1898,-396,-1993,-281,-394
2025-12-01T17:41:10.489182,145,88,234,890,462,586,232,66,-6896,8167,10163,-7135,-285,-1996,-477,-2198,-309,-496
2025-12-01T17:41:10.511915,118,76,198,781,459,687,259,67,-6688,8287,10374,-6886,-286,-1975,-473,-2266,-218,-314
2025-12-01T17:41:10.535548,111,81,211,877,476,686,263,69,-6489,8430,10560,-6614,-313,-2028,-699,-2303,-2,-232
2025-12-01T17:41:10.549818,110,80,207,844,472,792,277,71,-6247,8588,10743,-6343,-278,-2149,-771,-2463,-117,-78
2025-12-01T17:41:10.572220,96,74,171,851,459,826,286,75,-5986,8739,10896,-6124,-162,-2204,-741,-2270,-302,157
2025-12-01T17:41:10.595368,74,66,163,847,535,874,278,77,-5732,8877,11021,-5942,-33,-2206,-796,-2032,-355,271
2025-12-01T17:41:10.609821,90,71,165,878,567,794,275,83,-5474,9024,11120,-5777,-106,-2113,-745,-1961,-354,421
2025-12-01T17:41:10.632387,87,67,148,742,562,786,259,83,-5240,9158,11202,-5622,-60,-2026,-1010,-1763,-289,407
2025-12-01T17:41:10.655218,123,62,154,745,517,677,231,75,-5066,9258,11236,-5549,94,-2336,-870,-1426,-320,466
2025-12-01T17:41:10.669697,126,59,151,710,530,596,211,71,-4941,9357,11237,-5493,261,-2265,-948,-1104,-187,595
2025-12-01T17:41:10.692789,129,63,142,679,377,462,187,66,-4867,9435,11225,-5452,364,-2209,-1005,-795,-97,540
2025-12-01T17:41:10.715570,114,50,125,604,297,472,173,60,-4854,9479,11206,-5425,487,-2351,-947,-553,-3,398
2025-12-01T17:41:10.738005,113,44,110,542,272,417,171,58,-4918,9494,11159,-5439,518,-2532,-972,-84,144,309
2025-12-01T17:41:10.752881,72,45,91,505,272,409,195,65,-4992,9486,11114,-5477,520,-2439,-1043,146,66,237
2025-12-01T17:41:10.775520,61,45,87,440,208,387,216,63,-5064,9487,11070,-5497,410,-2346,-1117,134,168,193
2025-12-01T17:41:10.797977,70,44,120,372,194,329,229,68,-5155,9487,11011,-5532,363,-2478,-1110,253,237,203
2025-12-01T17:41:10.812026,116,57,173,390,159,259,228,68,-5239,9490,10949,-5571,291,-2366,-1199,341,236,213
2025-12-01T17:41:10.835571,130,68,206,376,141,239,224,68,-5334,9489,10876,-5626,244,-2378,-1158,458,251,218
2025-12-01T17:41:10.857697,143,66,211,458,121,165,192,61,-5461,9479,10777,-5711,251,-2415,-1080,725,300,263
2025-12-01T17:41:10.872344,159,87,250,627,117,173,159,63,-5619,9454,10649,-5838,146,-2470,-975,1038,334,271
2025-12-01T17:41:10.896045,154,137,326,792,122,155,123,58,-5826,9414,10479,-6004,9,-2493,-877,1454,479,271
2025-12-01T17:41:10.918087,126,139,316,774,109,131,75,49,-6042,9366,10302,-6170,-118,-2456,-883,1707,503,259
2025-12-01T17:41:10.932399,185,137,323,934,135,131,52,47,-6254,9295,10117,-6369,-243,-2485,-770,1875,358,267
2025-12-01T17:41:10.959416,229,148,380,965,177,148,67,50,-6461,9216,9918,-6586,-350,-2384,-668,1972,301,322
2025-12-01T17:41:10.975772,226,144,385,872,269,127,69,48,-6668,9133,9696,-6822,-451,-2413,-538,2099,282,405
2025-12-01T17:41:10.990915,259,101,349,731,282,121,67,47,-6876,9035,9475,-7053,-550,-2226,-605,2143,270,333
2025-12-01T17:41:11.015163,261,93,351,723,326,136,63,49,-7069,8910,9273,-7286,-618,-2186,-496,2129,96,219
2025-12-01T17:41:11.037358,266,126,357,478,329,135,63,52,-7242,8757,9088,-7531,-639,-2200,-327,2119,-112,152
2025-12-01T17:41:11.050474,270,130,325,297,322,174,90,56,-7424,8587,8889,-7782,-632,-2168,-286,2255,-119,138
2025-12-01T17:41:11.077570,266,129,296,228,297,188,91,64,-7622,8404,8682,-8020,-630,-2113,-273,2330,-48,49
2025-12-01T17:41:11.096082,242,126,257,206,311,186,94,69,-7819,8220,8498,-8217,-604,-1912,-266,2156,-4,-128
2025-12-01T17:41:11.113298,242,130,234,188,295,182,98,69,-7993,8038,8342,-8387,-567,-2014,-166,1930,-67,-197
2025-12-01T17:41:11.133595,191,98,188,180,288,199,106,84,-8155,7867,8187,-8545,-540,-1960,-166,1834,-37,-167
2025-12-01T17:41:11.156131,112,71,135,198,289,162,84,82,-8306,7711,8040,-8680,-502,-1973,-162,1691,5,-172
2025-12-01T17:41:11.170065,112,70,130,210,264,174,90,79,-8418,7590,7906,-8801,-365,-1852,-99,1525,-9,-168
2025-12-01T17:41:11.193095,101,69,136,204,238,185,99,76,-8540,7444,7793,-8908,-244,-1991,-79,1556,-79,-298
2025-12-01T17:41:11.215475,117,78,195,164,201,183,101,83,-8640,7318,7697,-9000,-303,-1879,-119,1386,-93,-294
2025-12-01T17:41:11.229449,123,88,210,169,196,177,92,70,-8732,7161,7620,-9102,-187,-1909,-81,1438,-286,-313
2025-12-01T17:41:11.253355,128,100,205,150,181,198,88,73,-8807,7003,7561,-9201,-127,-1891,-22,1322,-379,-290
2025-12-01T17:41:11.276963,123,98,212,138,169,232,105,71,-8866,6843,7530,-9290,10,-1778,35,1152,-468,-276
2025-12-01T17:41:11.290666,179,102,205,126,168,227,94,82,-8917,6685,7529,-9357,95,-1807,10,1009,-511,-346
2025-12-01T17:41:11.312970,227,95,148,124,166,221,89,90,-8957,6506,7548,-9430,159,-1891,53,1005,-677,-370
2025-12-01T17:41:11.335647,261,110,132,116,154,208,91,96,-8989,6293,7563,-9531,183,-1877,145,1146,-853,-339
2025-12-01T17:41:11.349769,269,109,131,115,136,184,89,103,-9013,6069,7574,-9644,246,-1746,256,1147,-911,-272
2025-12-01T17:41:11.374089,272,107,109,135,135,115,58,103,-9028,5862,7583,-9751,270,-1740,379,1016,-865,-212
2025-12-01T17:41:11.395951,242,106,102,156,149,108,61,94,-9040,5674,7590,-9844,395,-1785,583,845,-764,-146
2025-12-01T17:41:11.411176,208,105,121,165,150,114,65,100,-9052,5521,7592,-9919,359,-1756,605,703,-603,-127
2025-12-01T17:41:11.433851,171,80,111,161,157,117,61,124,-9056,5401,7600,-9975,513,-1883,682,507,-468,-18
2025-12-01T17:41:11.457610,154,70,113,165,168,107,61,156,-9056,5314,7591,-10028,435,-1912,623,502,-322,56
2025-12-01T17:41:11.471204,167,92,142,146,151,86,60,196,-9045,5223,7567,-10104,283,-1948,578,643,-381,100
2025-12-01T17:41:11.496058,211,94,259,132,187,83,61,237,-9028,5107,7529,-10206,286,-1990,626,824,-493,154
2025-12-01T17:41:11.516886,195,88,258,129,209,93,65,241,-9016,4972,7475,-10323,329,-1753,728,904,-515,201
2025-12-01T17:41:11.530720,201,88,266,138,214,104,76,269,-8995,4854,7460,-10408,378,-1736,596,694,-521,129
2025-12-01T17:41:11.555332,234,101,278,145,269,146,85,276,-8971,4738,7464,-10479,461,-1830,698,555,-548,103
2025-12-01T17:41:11.577659,227,92,318,148,268,142,91,288,-8937,4611,7471,-10559,496,-1874,711,601,-633,135
2025-12-01T17:41:11.594149,193,120,273,150,272,161,134,287,-8905,4466,7473,-10647,616,-1744,762,651,-661,182
2025-12-01T17:41:11.614812,201,163,314,193,263,178,147,296,-8879,4328,7476,-10723,686,-1609,795,566,-594,166
2025-12-01T17:41:11.638557,195,178,370,271,324,257,168,320,-8853,4213,7502,-10773,761,-1569,789,349,-521,147
2025-12-01T17:41:11.661820,193,172,361,265,280,255,175,343,-8829,4106,7535,-10810,830,-1613,808,265,-478,136
2025-12-01T17:41:11.677412,207,170,319,266,299,265,179,331,-8811,4007,7571,-10836,811,-1511,851,175,-437,83
2025-12-01T17:41:11.698127,205,165,326,267,292,264,177,338,-8813,3921,7610,-10840,855,-1409,915,40,-315,-5
2025-12-01T17:41:11.720783,230,131,288,247,323,286,209,344,-8834,3876,7657,-10805,812,-1507,871,-148,-95,-134
2025-12-01T17:41:11.734937,233,117,212,171,276,244,197,292,-8865,3843,7691,-10768,740,-1575,860,-102,-7,-176
2025-12-01T17:41:11.759772,212,119,219,181,328,240,190,261,-8894,3835,7735,-10715,682,-1597,791,-231,59,-199
2025-12-01T17:41:11.781336,212,126,323,207,352,248,203,254,-8917,3844,7788,-10654,561,-1621,699,-296,67,-236
2025-12-01T17:41:11.797127,240,134,367,258,389,264,181,244,-8943,3826,7827,-10610,449,-1730,852,-165,-51,-323
2025-12-01T17:41:11.817621,239,131,374,271,384,241,151,228,-8990,3848,7872,-10528,682,-1631,966,-471,213,-295
2025-12-01T17:41:11.840351,370,152,454,363,391,215,146,226,-9040,3901,7870,-10467,276,-1663,811,-257,379,-292
2025-12-01T17:41:11.855408,379,169,475,462,377,202,148,231,-9060,3985,7873,-10417,4,-1957,743,-286,318,-244
2025-12-01T17:41:11.877726,388,164,442,459,357,201,138,267,-9065,4060,7876,-10380,149,-1783,827,-336,255,-74
2025-12-01T17:41:11.900486,430,184,455,528,309,177,142,250,-9067,4149,7886,-10336,138,-1860,883,-437,277,-68
2025-12-01T17:41:11.914491,516,245,544,686,303,164,125,259,-9062,4233,7885,-10307,78,-2001,865,-324,245,-37
2025-12-01T17:41:11.938156,447,254,496,664,282,175,124,272,-9057,4290,7869,-10300,194,-1952,880,-149,192,52
2025-12-01T17:41:11.960592,438,245,513,696,256,204,117,251,-9055,4342,7862,-10285,371,-1843,846,-194,208,89
2025-12-01T17:41:11.974883,430,259,551,810,253,187,106,195,-9056,4392,7879,-10250,509,-1776,780,-311,203,60
2025-12-01T17:41:11.998008,381,236,498,802,260,187,103,175,-9058,4444,7912,-10200,631,-1783,719,-380,219,50
2025-12-01T17:41:12.020600,376,177,400,758,244,181,96,143,-9059,4494,7956,-10143,642,-1739,634,-418,190,14
2025-12-01T17:41:12.034819,369,140,434,917,265,189,90,116,-9058,4543,8010,-10080,677,-1621,600,-483,167,22
2025-12-01T17:41:12.057883,369,157,454,898,279,151,91,99,-9058,4590,8075,-10006,592,-1589,479,-500,142,-77
2025-12-01T17:41:12.080616,407,156,381,856,274,169,79,96,-9049,4676,8153,-9911,509,-1622,391,-702,227,-81
2025-12-01T17:41:12.095284,423,194,413,974,270,198,94,104,-9038,4769,8231,-9811,475,-1637,453,-787,235,-78
2025-12-01T17:41:12.117793,318,196,427,984,287,202,100,117,-9009,4899,8329,-9691,381,-1678,317,-996,277,-66
2025-12-01T17:41:12.141256,304,200,411,928,311,203,104,111,-8968,5048,8426,-9567,331,-1756,315,-1094,299,-7
2025-12-01T17:41:12.154922,333,225,403,1004,310,209,108,120,-8905,5230,8522,-9442,195,-1862,134,-1147,349,78
2025-12-01T17:41:12.175832,390,226,458,1060,317,192,110,123,-8810,5436,8599,-9344,58,-1921,194,-1192,314,303
2025-12-01T17:41:12.197765,407,224,463,1016,309,151,91,118,-8680,5665,8670,-9265,-48,-1948,153,-1254,261,509
2025-12-01T17:41:12.211997,468,256,490,1132,336,145,91,106,-8539,5896,8736,-9189,-14,-1943,146,-1291,245,610
2025-12-01T17:41:12.235423,515,284,489,1142,331,112,86,101,-8381,6124,8812,-9113,-58,-1930,96,-1348,161,629
2025-12-01T17:41:12.258700,519,275,439,1178,333,101,78,88,-8218,6346,8892,-9032,19,-1825,-14,-1353,145,666
2025-12-01T17:41:12.274613,448,285,387,1165,351,110,76,79,-8042,6576,8987,-8930,-33,-1875,-167,-1461,135,629
2025-12-01T17:41:12.298314,443,318,433,1176,412,137,85,80,-7852,6812,9084,-8823,-45,-1860,-251,-1523,118,679
2025-12-01T17:41:12.320552,475,359,421,1124,421,148,90,84,-7660,7043,9185,-8707,-73,-1737,-345,-1539,115,644
2025-12-01T17:41:12.334806,461,337,399,1098,452,149,91,81,-7485,7287,9273,-8562,-35,-1742,-468,-1724,297,676
2025-12-01T17:41:12.358065,466,346,437,1093,467,153,95,84,-7313,7563,9350,-8387,-58,-1856,-396,-1881,502,724
2025-12-01T17:41:12.388137,482,362,432,1051,463,150,95,88,-7158,7866,9396,-8188,-133,-1890,-455,-1895,773,770
2025-12-01T17:41:12.396883,521,332,343,1037,432,131,86,84,-7014,8196,9404,-7976,-333,-1873,-511,-1869,1021,877
2025-12-01T17:41:12.418071,432,263,309,1049,416,121,83,80,-6874,8564,9375,-7743,-578,-1871,-625,-1912,1287,1009
2025-12-01T17:41:12.440619,426,336,379,1080,357,119,83,81,-6717,8959,9327,-7487,-680,-2012,-669,-2062,1418,1140
2025-12-01T17:41:12.454803,424,320,361,1014,334,122,88,89,-6544,9363,9260,-7224,-740,-2253,-575,-2141,1465,1251
2025-12-01T17:41:12.477757,403,289,411,1029,353,153,101,101,-6380,9745,9161,-6989,-800,-2439,-530,-1922,1425,1329
2025-12-01T17:41:12.508138,374,303,414,1085,350,152,102,100,-6225,10099,9030,-6794,-897,-2467,-528,-1646,1331,1407
2025-12-01T17:41:12.514907,381,312,436,1031,355,158,107,98,-6068,10426,8854,-6671,-931,-2505,-556,-1478,1228,1411
2025-12-01T17:41:12.537791,376,245,389,1060,421,177,109,98,-5924,10707,8687,-6574,-911,-2579,-485,-1370,1060,1324
2025-12-01T17:41:12.560478,367,247,369,1076,437,172,104,89,-5798,10929,8558,-6490,-848,-2754,-411,-1336,857,1071
2025-12-01T17:41:12.574468,399,240,313,1091,447,155,98,74,-5713,11073,8475,-6431,-748,-2905,-293,-1176,608,712
2025-12-01T17:41:12.597460,356,189,305,968,449,152,96,70,-5672,11133,8435,-6415,-762,-2844,-253,-826,317,290
2025-12-01T17:41:12.620574,331,174,289,995,489,157,84,62,-5636,11131,8466,-6410,-838,-2584,-482,-634,12,-209
2025-12-01T17:41:12.642792,298,160,276,943,456,215,120,68,-5611,11086,8560,-6385,-502,-2273,-679,-542,-194,-508
2025-12-01T17:41:12.657549,290,139,271,883,431,275,141,71,-5607,11040,8664,-6328,-225,-2356,-721,-580,-96,-530
2025-12-01T17:41:12.680561,250,135,260,874,388,303,160,72,-5656,11011,8704,-6279,-79,-2278,-768,-215,147,-286
2025-12-01T17:41:12.703088,233,142,272,889,365,310,167,73,-5723,11020,8698,-6212,-134,-1876,-768,-65,455,-146
2025-12-01T17:41:12.717293,234,126,245,798,274,321,177,70,-5768,11065,8691,-6098,-234,-1894,-791,-359,681,-137
2025-12-01T17:41:12.740367,219,117,226,701,240,285,154,58,-5795,11118,8686,-5982,-347,-2049,-841,-480,673,-139
2025-12-01T17:41:12.763058,234,111,214,644,223,232,136,50,-5842,11135,8671,-5926,-377,-2256,-759,-233,469,-132
2025-12-01T17:41:12.785287,215,105,245,583,208,196,108,44,-5931,11113,8640,-5924,-327,-2252,-605,137,338,-157
2025-12-01T17:41:12.800275,210,97,263,546,190,184,98,42,-6033,11085,8597,-5936,-398,-2249,-630,292,355,-161
2025-12-01T17:41:12.823555,225,97,262,475,161,149,74,43,-6145,11050,8534,-5978,-488,-2349,-727,516,311,-116
2025-12-01T17:41:12.837341,235,93,329,471,134,124,70,45,-6262,11005,8455,-6050,-589,-2333,-654,669,249,-76
2025-12-01T17:41:12.860385,195,87,338,461,171,111,62,46,-6371,10969,8356,-6140,-680,-2385,-662,732,231,34
2025-12-01T17:41:12.883070,193,79,313,377,150,71,49,41,-6467,10939,8253,-6231,-766,-2421,-656,693,225,60
2025-12-01T17:41:12.897705,193,83,296,352,146,62,42,37,-6588,10877,8140,-6361,-814,-2487,-651,1007,102,26
2025-12-01T17:41:12.920544,195,88,287,349,147,50,40,39,-6731,10788,8009,-6526,-875,-2494,-751,1386,8,20
2025-12-01T17:41:12.943024,229,109,238,314,142,45,36,38,-6906,10648,7896,-6709,-878,-2421,-781,1717,-224,-6
2025-12-01T17:41:12.957369,243,118,235,302,89,41,34,42,-7083,10472,7784,-6929,-867,-2296,-738,1921,-442,-32
2025-12-01T17:41:12.980441,312,123,255,384,85,41,32,46,-7251,10280,7683,-7152,-821,-2175,-639,1913,-549,-74
2025-12-01T17:41:13.003015,344,135,286,414,96,45,35,49,-7401,10091,7593,-7360,-771,-2043,-647,1796,-565,-91
2025-12-01T17:41:13.017551,508,180,303,418,89,47,35,50,-7536,9913,7521,-7537,-624,-1987,-685,1602,-525,-153
2025-12-01T17:41:13.040389,531,177,279,545,96,48,42,60,-7625,9770,7470,-7684,-596,-1918,-734,1442,-520,-225
2025-12-01T17:41:13.063033,533,214,291,598,118,52,45,62,-7713,9617,7449,-7809,-426,-1887,-860,1428,-576,-319
2025-12-01T17:41:13.076805,527,235,339,573,126,59,46,63,-7816,9435,7457,-7919,-60,-1879,-822,1439,-659,-378
2025-12-01T17:41:13.101325,516,240,323,563,132,83,50,63,-7931,9253,7479,-7999,113,-1819,-815,1391,-574,-461
2025-12-01T17:41:13.123077,352,205,354,647,202,128,71,74,-8030,9080,7518,-8062,237,-1741,-775,1221,-574,-445
2025-12-01T17:41:13.137432,497,217,353,595,211,135,74,69,-8099,8928,7601,-8085,430,-1615,-827,887,-589,-467
2025-12-01T17:41:13.160557,541,207,377,677,207,141,76,74,-8150,8774,7715,-8094,511,-1754,-683,645,-668,-523
2025-12-01T17:41:13.183047,542,190,330,768,218,141,78,71,-8198,8621,7818,-8110,510,-1702,-629,658,-653,-478
2025-12-01T17:41:13.197270,551,175,317,856,248,146,84,76,-8226,8485,7941,-8107,572,-1560,-618,443,-654,-473
2025-12-01T17:41:13.218003,550,209,279,899,238,119,73,66,-8229,8369,8083,-8084,601,-1637,-581,188,-652,-461
2025-12-01T17:41:13.240545,425,216,298,1014,245,118,74,64,-8220,8278,8221,-8048,544,-1620,-553,38,-565,-431
2025-12-01T17:41:13.255121,393,193,266,1049,280,135,89,63,-8178,8223,8368,-7995,329,-1503,-610,-203,-533,-435
2025-12-01T17:41:13.280541,359,195,271,1150,365,200,114,67,-8108,8208,8535,-7904,361,-1539,-669,-545,-449,-402
2025-12-01T17:41:13.302741,331,198,292,1171,365,202,114,67,-8000,8225,8729,-7783,284,-1709,-690,-919,-466,-425
2025-12-01T17:41:13.316958,362,179,303,1194,376,205,117,70,-7875,8263,8912,-7663,200,-1941,-506,-1134,-431,-339
2025-12-01T17:41:13.340537,302,148,283,1153,412,214,119,73,-7759,8282,9067,-7579,121,-1983,-353,-980,-479,-298
2025-12-01T17:41:13.363031,233,146,262,1117,415,229,115,67,-7660,8287,9209,-7503,-82,-1832,-333,-862,-440,-438
2025-12-01T17:41:13.377016,217,131,245,1007,394,192,96,61,-7563,8308,9362,-7386,-117,-1794,-357,-1064,-297,-560
2025-12-01T17:41:13.403143,199,122,207,952,402,193,95,59,-7462,8373,9528,-7202,-150,-1746,-404,-1435,-36,-639
2025-12-01T17:41:13.421090,265,95,155,916,389,325,158,61,-7344,8463,9707,-6975,-99,-2182,-305,-1777,35,-551
2025-12-01T17:41:13.435039,332,101,184,856,406,340,197,67,-7238,8574,9837,-6764,-206,-2457,-295,-1646,209,-342
2025-12-01T17:41:13.458780,363,94,248,871,400,330,200,72,-7159,8691,9879,-6637,-192,-2461,-288,-1287,314,-95
2025-12-01T17:41:13.482549,367,95,270,860,356,322,199,71,-7091,8826,9894,-6508,-190,-2240,-401,-1177,475,35
2025-12-01T17:41:13.499306,370,95,278,906,350,326,201,69,-7027,8956,9897,-6394,-94,-2327,-423,-1101,446,128
2025-12-01T17:41:13.520053,287,104,301,839,329,191,156,63,-6964,9066,9908,-6289,-31,-2366,-454,-1054,347,91
2025-12-01T17:41:13.542919,306,114,366,926,295,167,105,58,-6919,9129,9916,-6236,-27,-2535,-361,-795,149,28
2025-12-01T17:41:13.565457,314,149,352,868,282,170,89,51,-6914,9127,9916,-6245,195,-2690,-158,-430,-80,-6
2025-12-01T17:41:13.580455,322,180,412,906,288,186,101,68,-6977,9059,9899,-6300,255,-2785,-24,69,-108,-187
2025-12-01T17:41:13.602974,320,186,526,803,267,177,98,70,-7093,8957,9858,-6382,178,-2808,-10,471,-17,-329
2025-12-01T17:41:13.625412,319,189,521,800,285,180,94,70,-7222,8856,9793,-6476,99,-2858,-8,623,74,-302
2025-12-01T17:41:13.640430,471,208,481,666,242,165,85,72,-7359,8758,9703,-6590,-61,-2831,14,803,125,-268
2025-12-01T17:41:13.662960,487,185,523,617,224,154,86,82,-7507,8658,9602,-6703,-49,-2656,-76,970,197,-258
2025-12-01T17:41:13.685452,485,170,512,473,195,134,66,75,-7667,8544,9491,-6825,-103,-2583,-61,1143,204,-310
2025-12-01T17:41:13.700070,522,197,430,470,181,122,63,78,-7853,8382,9381,-6965,-22,-2506,18,1422,115,-439
2025-12-01T17:41:13.722986,588,204,471,442,146,110,59,107,-8089,8191,9274,-7064,-99,-2456,-157,1735,308,-660
2025-12-01T17:41:13.745568,462,187,494,409,127,108,72,112,-8329,7977,9157,-7183,-229,-2424,-233,1916,242,-675
2025-12-01T17:41:13.759758,445,187,438,433,121,102,90,122,-8534,7748,9038,-7340,-351,-2310,-245,2009,-1,-541
2025-12-01T17:41:13.782915,465,195,445,415,110,131,113,137,-8705,7537,8913,-7510,-357,-2317,-269,1935,-80,-353
2025-12-01T17:41:13.805545,454,190,421,460,98,130,111,148,-8854,7331,8786,-7688,-229,-2241,-251,1906,-151,-231
2025-12-01T17:41:13.819893,365,191,413,418,93,142,122,137,-8976,7113,8676,-7874,-247,-2115,-287,1869,-329,-218
2025-12-01T17:41:13.842907,312,179,379,454,89,156,120,157,-9073,6890,8557,-8088,-52,-2096,-217,1930,-463,-29
2025-12-01T17:41:13.865557,332,189,413,434,112,210,116,157,-9170,6649,8425,-8316,-100,-1961,-119,2058,-509,-11
2025-12-01T17:41:13.879549,350,194,377,431,115,275,164,175,-9247,6408,8300,-8544,-25,-2002,7,1989,-592,37
2025-12-01T17:41:13.903297,314,165,387,379,113,280,176,168,-9320,6221,8164,-8731,-75,-1833,-58,1738,-318,97
2025-12-01T17:41:13.925232,341,166,356,374,128,275,172,174,-9322,6106,8073,-8893,-223,-1825,-182,1426,-406,108
2025-12-01T17:41:13.939860,366,172,338,333,144,267,171,182,-9310,5936,8021,-9066,217,-1971,32,1416,-712,175
2025-12-01T17:41:13.966544,326,164,295,310,151,224,167,181,-9298,5556,7895,-9422,215,-1938,148,1591,-723,121
2025-12-01T17:41:13.984812,268,140,276,330,166,124,108,234,-9316,5315,7812,-9611,244,-1915,231,1631,-814,38
2025-12-01T17:41:14.007314,271,145,238,304,210,114,93,260,-9309,5086,7766,-9778,351,-1805,200,1569,-879,42
2025-12-01T17:41:14.026601,233,119,200,317,246,112,92,270,-9301,4835,7747,-9927,516,-1688,260,1459,-980,-37
2025-12-01T17:41:14.044867,177,117,205,286,243,120,93,274,-9263,4643,7766,-10038,508,-1932,287,1051,-914,-4
2025-12-01T17:41:14.067743,159,119,224,277,328,133,104,282,-9200,4426,7772,-10189,426,-1818,308,1216,-1112,123
2025-12-01T17:41:14.086498,174,116,197,213,383,123,110,248,-9121,4198,7808,-10328,693,-1746,364,1055,-1210,196
2025-12-01T17:41:14.104416,160,111,190,237,404,134,116,281,-9015,3996,7863,-10458,721,-1885,523,809,-1250,289
2025-12-01T17:41:14.127365,153,115,199,243,408,157,136,279,-8892,3796,7915,-10599,830,-1919,485,854,-1264,432
2025-12-01T17:41:14.146693,156,118,189,258,457,196,161,272,-8743,3606,7965,-10750,835,-1974,465,854,-1300,577
2025-12-01T17:41:14.164410,137,109,138,264,458,203,161,269,-8569,3419,8005,-10920,863,-2002,576,854,-1356,748
2025-12-01T17:41:14.186808,120,113,135,277,452,256,157,261,-8362,3238,8057,-11096,926,-2029,594,781,-1453,914
2025-12-01T17:41:14.214128,114,114,131,248,449,257,169,241,-8137,3032,8102,-11287,1041,-1968,731,822,-1581,1028
2025-12-01T17:41:14.224846,125,115,111,222,503,278,200,279,-7888,2841,8125,-11495,982,-2016,710,796,-1669,1036
2025-12-01T17:41:14.247914,153,103,94,242,597,275,188,275,-7615,2652,8156,-11701,989,-2119,741,735,-1745,1120
2025-12-01T17:41:14.266675,162,108,95,227,592,272,200,301,-7329,2439,8176,-11913,1027,-1932,731,837,-1851,1144
2025-12-01T17:41:14.284843,155,94,84,231,641,302,219,289,-7054,2190,8198,-12111,991,-1677,657,883,-1965,965
2025-12-01T17:41:14.307308,165,105,87,228,679,339,235,264,-6788,1949,8275,-12251,944,-1798,686,487,-1996,756
2025-12-01T17:41:14.326487,158,96,87,227,649,375,225,210,-6525,1700,8341,-12386,929,-1400,524,532,-1987,722
2025-12-01T17:41:14.344394,132,96,99,206,585,370,231,223,-6281,1445,8428,-12485,899,-1301,534,358,-1987,536
2025-12-01T17:41:14.366670,121,87,98,202,591,385,231,249,-6062,1225,8526,-12550,1166,-1133,594,133,-1769,487
2025-12-01T17:41:14.386615,130,97,103,181,556,329,214,271,-5948,992,8645,-12544,1478,-1089,657,-152,-1323,262
2025-12-01T17:41:14.404772,121,89,113,188,534,284,184,288,-5919,821,8743,-12501,1570,-1121,615,-242,-738,39
2025-12-01T17:41:14.427312,133,90,117,194,537,191,148,326,-5950,757,8825,-12433,1536,-1203,575,-410,-79,22
2025-12-01T17:41:14.446075,138,89,133,202,489,171,130,313,-6030,811,8868,-12360,1538,-1335,587,-462,646,145
2025-12-01T17:41:14.464702,136,90,131,214,453,120,93,254,-6167,960,8844,-12300,1387,-1380,580,-308,1322,165
2025-12-01T17:41:14.487324,133,92,159,280,500,152,84,258,-6330,1217,8748,-12262,1107,-1299,493,-181,1828,116
2025-12-01T17:41:14.507026,164,112,180,289,686,201,91,229,-6541,1526,8618,-12209,890,-1260,421,-169,2263,34
2025-12-01T17:41:14.524817,163,130,223,352,781,239,109,170,-6794,1894,8463,-12127,626,-1118,356,-259,2697,-42
2025-12-01T17:41:14.547268,171,138,225,362,781,311,152,168,-7056,2299,8343,-11990,727,-1134,292,-635,2832,-108
2025-12-01T17:41:14.566563,244,169,303,435,796,360,172,175,-7368,2705,8238,-11788,361,-927,144,-840,2984,-513
2025-12-01T17:41:14.584837,265,237,547,492,767,388,207,129,-7672,3155,8221,-11492,82,-1054,-50,-1554,2992,-705
2025-12-01T17:41:14.607316,294,307,648,537,568,408,256,124,-7927,3624,8269,-11140,-252,-1244,-263,-2034,2799,-723
2025-12-01T17:41:14.626534,315,324,718,584,478,424,251,117,-8097,4084,8382,-10768,-447,-1587,-472,-2392,2374,-596
2025-12-01T17:41:14.644786,347,331,858,758,473,397,229,105,-8174,4484,8545,-10416,-382,-1893,-388,-2482,1723,-433
2025-12-01T17:41:14.667258,323,362,930,800,450,362,217,96,-8205,4767,8705,-10130,-512,-1962,-151,-2057,1074,-438
2025-12-01T17:41:14.686372,344,392,937,855,466,343,189,97,-8164,5044,8899,-9857,-685,-2272,-110,-2247,710,-258
2025-12-01T17:41:14.705034,333,363,939,1022,491,311,136,95,-8068,5324,9041,-9658,-363,-2050,189,-2006,584,281
2025-12-01T17:41:14.727333,324,346,955,1024,420,258,130,101,-7968,5647,9159,-9443,-392,-2157,254,-2119,810,425
2025-12-01T17:41:14.746553,295,371,927,1014,419,221,128,99,-7832,5998,9277,-9223,-568,-2624,324,-2298,794,592
2025-12-01T17:41:14.764708,325,341,889,1061,478,240,132,102,-7691,6300,9339,-9076,-518,-2844,439,-1796,626,769
2025-12-01T17:41:14.787290,318,268,813,1018,484,200,130,94,-7577,6540,9318,-9024,-468,-2682,515,-1215,503,641
2025-12-01T17:41:14.806216,301,243,807,861,484,178,95,83,-7508,6719,9283,-8986,-331,-2599,579,-919,479,482
2025-12-01T17:41:14.824763,286,243,736,831,475,203,98,72,-7444,6890,9276,-8916,-224,-2556,505,-1061,476,373
2025-12-01T17:41:14.846761,299,212,675,719,501,218,131,89,-7398,7051,9290,-8814,-142,-2670,464,-1160,537,206
2025-12-01T17:41:14.866588,252,195,630,658,523,214,144,83,-7384,7174,9290,-8726,-236,-2794,381,-876,530,12
2025-12-01T17:41:14.884781,210,175,565,665,514,231,179,87,-7375,7263,9293,-8657,-188,-2632,281,-685,393,-34
2025-12-01T17:41:14.906915,185,158,451,636,505,235,198,90,-7346,7357,9313,-8580,-280,-2780,112,-755,328,-78
2025-12-01T17:41:14.926447,190,169,437,668,504,240,209,96,-7314,7427,9294,-8568,-331,-2785,78,-368,191,103
2025-12-01T17:41:14.944269,152,135,337,635,490,230,201,80,-7290,7469,9261,-8588,-149,-2502,69,-117,80,220
2025-12-01T17:41:14.967267,129,124,276,529,399,224,200,77,-7267,7500,9246,-8595,-91,-2383,67,-186,39,144
2025-12-01T17:41:14.986077,123,137,389,468,330,207,166,66,-7254,7515,9235,-8605,-86,-2341,87,-124,4,67
2025-12-01T17:41:15.004763,217,136,386,544,314,205,146,65,-7250,7516,9235,-8608,-40,-2327,44,-101,-16,-21
2025-12-01T17:41:15.026971,221,122,367,475,325,215,149,62,-7264,7499,9226,-8620,11,-2305,51,45,-13,-60
2025-12-01T17:41:15.043523,219,123,362,473,322,232,142,61,-7297,7466,9207,-8641,22,-2270,-20,239,0,-113
2025-12-01T17:41:15.062541,217,123,379,492,337,229,156,68,-7328,7438,9184,-8664,3,-2243,-74,280,12,-86
2025-12-01T17:41:15.086117,245,120,244,465,413,287,189,77,-7357,7405,9158,-8695,64,-2225,-32,307,-19,-38
2025-12-01T17:41:15.106940,169,114,265,336,431,312,220,92,-7392,7373,9115,-8738,15,-2253,-34,419,12,-10
2025-12-01T17:41:15.124293,156,104,269,330,458,302,220,91,-7418,7349,9067,-8786,-137,-2271,-132,471,12,-6
2025-12-01T17:41:15.147185,156,103,297,327,463,298,218,91,-7429,7316,9037,-8835,-22,-2203,-123,409,-114,27
2025-12-01T17:41:15.166569,218,99,283,261,453,299,218,104,-7446,7271,9018,-8878,22,-2026,-89,399,-140,-44
2025-12-01T17:41:15.184293,245,84,287,242,404,268,236,121,-7472,7228,9003,-8905,63,-2043,-55,338,-79,-96
2025-12-01T17:41:15.207300,262,88,355,348,394,236,214,114,-7506,7195,8983,-8924,-11,-2021,-79,346,9,-137
2025-12-01T17:41:15.226533,274,87,357,398,377,226,201,118,-7530,7172,8969,-8936,76,-2186,-100,270,8,-69
2025-12-01T17:41:15.244754,274,88,345,394,359,229,208,122,-7560,7117,8950,-8974,32,-2048,-33,436,-114,-130
2025-12-01T17:41:15.266982,248,88,336,402,376,268,198,119,-7595,7062,8944,-8993,26,-1919,10,330,-93,-234
2025-12-01T17:41:15.286855,246,86,327,409,348,387,169,104,-7633,7007,8948,-9000,-3,-2147,41,269,-82,-321
2025-12-01T17:41:15.304989,248,76,221,324,350,397,166,103,-7673,6943,8941,-9023,34,-2292,67,374,-117,-281
2025-12-01T17:41:15.327272,240,79,210,307,320,434,183,116,-7720,6876,8915,-9060,94,-2236,107,487,-78,-198
2025-12-01T17:41:15.346060,261,87,305,334,329,455,233,127,-7762,6812,8886,-9100,41,-2144,135,480,-92,-191
2025-12-01T17:41:15.364429,251,91,326,413,314,442,230,121,-7799,6740,8860,-9148,9,-2163,141,518,-156,-208
2025-12-01T17:41:15.387112,210,98,320,430,310,408,228,120,-7851,6647,8842,-9189,171,-2134,238,522,-183,-271
2025-12-01T17:41:15.406200,201,96,318,476,364,458,232,125,-7916,6554,8817,-9224,169,-2233,247,567,-106,-328
2025-12-01T17:41:15.424762,241,92,313,448,366,482,247,123,-8016,6433,8726,-9309,182,-1862,476,963,-37,-225
2025-12-01T17:41:15.447229,216,76,208,425,342,563,209,115,-8124,6328,8633,-9374,128,-2159,350,998,96,-297
2025-12-01T17:41:15.469719,208,70,164,351,312,584,214,113,-8219,6251,8560,-9409,156,-2107,278,791,161,-292
2025-12-01T17:41:15.484310,206,78,158,318,303,533,196,107,-8310,6170,8506,-9431,141,-1834,197,732,114,-372
2025-12-01T17:41:15.507642,210,84,183,221,193,487,189,108,-8395,6100,8488,-9418,152,-1730,68,538,112,-495
2025-12-01T17:41:15.529828,159,81,216,170,177,427,148,91,-8466,6047,8507,-9372,204,-1673,74,238,94,-550
2025-12-01T17:41:15.545166,163,93,209,167,182,272,112,83,-8526,6010,8539,-9312,279,-1809,15,130,111,-516
2025-12-01T17:41:15.567324,197,96,208,157,165,183,81,77,-8577,5978,8564,-9262,281,-1827,-3,160,105,-434
2025-12-01T17:41:15.589954,188,81,195,191,150,214,111,76,-8608,5964,8586,-9222,273,-1804,30,87,86,-293
2025-12-01T17:41:15.604836,162,70,165,201,132,219,110,54,-8624,5975,8607,-9180,338,-1751,103,-70,132,-144
2025-12-01T17:41:15.627340,158,71,159,223,159,231,106,49,-8624,6025,8630,-9126,358,-1860,94,-249,227,-13
2025-12-01T17:41:15.649724,164,63,149,209,141,224,106,41,-8615,6085,8639,-9086,321,-1866,132,-242,236,86
2025-12-01T17:41:15.669721,113,62,150,195,146,222,115,36,-8602,6148,8644,-9052,332,-1872,132,-232,233,152
2025-12-01T17:41:15.687311,105,60,148,168,148,184,81,34,-8582,6220,8650,-9016,324,-1884,184,-317,233,192
2025-12-01T17:41:15.709825,126,74,155,152,157,153,72,42,-8558,6300,8655,-8977,311,-2018,194,-359,253,206
2025-12-01T17:41:15.728998,131,76,146,123,161,119,73,43,-8537,6370,8651,-8952,312,-2097,211,-271,230,232
2025-12-01T17:41:15.747155,104,76,227,135,206,107,82,47,-8524,6423,8635,-8942,339,-2160,237,-127,199,244
2025-12-01T17:41:15.769568,114,82,258,191,221,104,71,49,-8514,6469,8612,-8941,356,-2199,296,-83,188,266
2025-12-01T17:41:15.788773,175,96,284,181,273,95,70,50,-8511,6512,8578,-8945,315,-2224,369,-50,218,258
2025-12-01T17:41:15.807313,170,95,385,183,306,134,71,44,-8509,6556,8542,-8949,307,-2150,397,-71,223,269
2025-12-01T17:41:15.837327,177,132,452,189,379,131,68,44,-8512,6609,8513,-8934,304,-2091,407,-166,287,219
2025-12-01T17:41:15.848992,181,163,521,197,426,153,61,43,-8534,6666,8469,-8913,246,-2160,353,-76,411,154
2025-12-01T17:41:15.874716,178,174,528,140,425,159,64,47,-8560,6725,8413,-8897,220,-2149,391,-40,450,182
2025-12-01T17:41:15.889820,181,182,524,142,427,163,65,54,-8597,6793,8344,-8875,144,-2173,360,-3,557,157
2025-12-01T17:41:15.909684,195,199,482,149,440,139,61,133,-8646,6864,8250,-8861,93,-2132,431,87,652,191
2025-12-01T17:41:15.931824,183,177,421,152,391,141,59,155,-8705,6945,8144,-8838,-7,-2105,407,102,761,147
2025-12-01T17:41:15.949618,181,153,308,184,348,141,59,163,-8765,7028,8035,-8813,-86,-2056,383,112,781,113
2025-12-01T17:41:15.969022,188,138,294,204,374,139,58,173,-8821,7104,7934,-8787,-172,-2063,374,115,721,48
2025-12-01T17:41:15.987097,128,124,298,210,372,130,55,182,-8876,7159,7840,-8772,-240,-2005,409,159,600,-20
2025-12-01T17:41:16.009820,95,94,257,206,341,121,54,142,-8931,7196,7764,-8753,-293,-1998,382,173,498,-145
2025-12-01T17:41:16.029080,90,98,244,195,313,130,55,118,-8981,7218,7702,-8739,-334,-2005,372,188,380,-216
2025-12-01T17:41:16.047700,82,92,338,153,276,118,54,110,-9020,7233,7647,-8734,-433,-2008,379,189,282,-237
2025-12-01T17:41:16.070058,76,90,339,128,235,186,55,94,-9053,7240,7595,-8739,-364,-2010,394,210,212,-179
2025-12-01T17:41:16.089431,109,77,335,121,181,188,60,71,-9085,7239,7560,-8738,-267,-2010,338,203,155,-205
2025-12-01T17:41:16.108676,110,74,347,116,209,188,61,66,-9125,7209,7519,-8755,-144,-2056,473,319,71,-166
2025-12-01T17:41:16.129553,119,68,376,117,238,185,63,69,-9165,7180,7483,-8769,-159,-2078,358,368,70,-198
2025-12-01T17:41:16.152300,124,83,291,109,238,176,61,74,-9202,7129,7449,-8801,-98,-2037,376,463,-48,-157
2025-12-01T17:41:16.167289,129,86,277,108,232,93,53,85,-9235,7075,7430,-8826,-37,-2030,397,398,-97,-187
2025-12-01T17:41:16.189551,107,86,261,103,233,171,55,91,-9258,7021,7425,-8849,30,-2080,385,346,-150,-158
2025-12-01T17:41:16.208993,104,86,269,90,190,172,54,88,-9275,6963,7422,-8880,45,-2076,378,370,-205,-132
2025-12-01T17:41:16.227365,104,85,221,93,149,169,52,106,-9282,6892,7426,-8924,42,-2123,371,418,-318,-110
2025-12-01T17:41:16.249794,152,67,189,104,164,174,58,148,-9279,6806,7431,-8988,53,-2108,378,495,-440,-56
2025-12-01T17:41:16.269281,174,77,181,111,195,178,63,153,-9278,6712,7431,-9061,127,-2057,409,544,-459,-7
2025-12-01T17:41:16.286734,192,83,204,115,189,104,60,155,-9272,6621,7426,-9138,164,-2071,442,550,-453,57
2025-12-01T17:41:16.310278,193,80,158,127,201,107,63,174,-9266,6522,7418,-9220,199,-2034,525,560,-472,82
2025-12-01T17:41:16.329207,244,82,153,124,223,102,62,166,-9270,6414,7410,-9299,400,-1958,628,550,-439,118
2025-12-01T17:41:16.346742,226,82,179,121,208,101,69,225,-9263,6346,7431,-9335,273,-1973,476,286,-357,-15
2025-12-01T17:41:16.369740,207,75,180,136,194,109,71,234,-9242,6286,7440,-9389,260,-2153,580,296,-372,113
2025-12-01T17:41:16.391986,196,69,148,130,204,107,69,256,-9235,6212,7423,-9459,341,-2057,540,510,-317,187
2025-12-01T17:41:16.406816,294,86,155,125,219,120,82,264,-9243,6130,7385,-9534,342,-1929,567,623,-249,186
2025-12-01T17:41:16.429735,258,88,153,136,246,121,86,271,-9232,6078,7375,-9585,238,-1869,450,397,-247,135
2025-12-01T17:41:16.452234,262,96,172,139,312,127,79,215,-9226,5988,7361,-9658,413,-1985,678,510,-374,188
2025-12-01T17:41:16.467015,268,91,159,145,326,130,82,225,-9242,5901,7358,-9698,286,-1628,469,475,-287,-66
2025-12-01T17:41:16.489488,267,95,159,146,345,130,85,223,-9240,5848,7374,-9721,198,-1747,501,236,-263,-63
2025-12-01T17:41:16.512199,155,78,158,156,373,121,74,228,-9237,5799,7396,-9736,273,-1780,510,185,-245,-57
2025-12-01T17:41:16.526717,151,71,150,144,364,122,72,233,-9247,5733,7409,-9756,277,-1752,542,285,-252,-112
2025-12-01T17:41:16.549726,147,70,90,137,329,120,67,232,-9255,5680,7435,-9759,317,-1694,561,143,-213,-132
2025-12-01T17:41:16.572405,152,77,112,107,315,106,72,240,-9261,5642,7460,-9757,291,-1725,574,74,-168,-121
2025-12-01T17:41:16.587794,157,78,137,110,303,103,74,243,-9265,5615,7485,-9749,358,-1823,577,48,-108,-83
2025-12-01T17:41:16.609188,169,89,172,96,252,105,78,227,-9278,5589,7499,-9741,388,-1789,617,66,-47,-72
2025-12-01T17:41:16.629939,196,97,210,111,236,115,86,235,-9292,5575,7518,-9721,509,-1809,583,-1,24,-40
2025-12-01T17:41:16.645116,196,93,303,352,290,155,96,223,-9297,5578,7547,-9692,514,-1833,570,-115,48,-12
2025-12-01T17:41:16.669394,183,91,317,375,291,156,97,187,-9298,5585,7585,-9658,653,-1987,585,-163,53,31
2025-12-01T17:41:16.692312,184,84,318,418,274,156,93,153,-9301,5583,7619,-9629,718,-1954,617,-132,35,63
2025-12-01T17:41:16.712474,177,73,301,479,274,174,99,139,-9302,5582,7657,-9598,697,-1958,612,-160,21,40
2025-12-01T17:41:16.729402,144,68,299,579,266,176,100,101,-9314,5573,7691,-9565,724,-1851,602,-123,40,-1
2025-12-01T17:41:16.752078,125,55,212,493,166,144,92,94,-9336,5568,7738,-9508,683,-1697,578,-243,78,-143
2025-12-01T17:41:16.767276,118,59,231,502,146,145,89,89,-9370,5581,7795,-9420,619,-1683,537,-376,181,-287
2025-12-01T17:41:16.789646,125,74,249,607,162,157,95,86,-9413,5603,7859,-9310,548,-1678,464,-445,239,-418
2025-12-01T17:41:16.812345,121,76,271,681,155,134,90,79,-9454,5642,7931,-9182,513,-1729,397,-549,294,-477
2025-12-01T17:41:16.827322,117,81,302,680,151,146,89,65,-9496,5688,8002,-9049,484,-1777,362,-566,323,-501
2025-12-01T17:41:16.849209,147,85,322,730,197,137,103,75,-9522,5768,8081,-8900,458,-1901,363,-768,379,-461
2025-12-01T17:41:16.872220,199,84,319,767,209,143,107,88,-9529,5860,8154,-8764,425,-1979,313,-774,357,-346
2025-12-01T17:41:16.887593,201,75,330,683,202,143,122,91,-9516,5979,8213,-8642,361,-2070,258,-804,388,-179
2025-12-01T17:41:16.909739,205,78,337,583,223,139,119,94,-9456,6142,8262,-8546,-67,-1940,-51,-820,343,-22
2025-12-01T17:41:16.931793,222,75,316,515,217,108,113,95,-9395,6220,8293,-8527,180,-2171,335,-465,-21,147
2025-12-01T17:41:16.947202,206,75,308,453,191,105,99,86,-9349,6323,8350,-8446,389,-1663,164,-744,183,85
2025-12-01T17:41:16.969308,171,115,311,536,230,92,90,81,-9285,6451,8396,-8374,63,-1957,252,-841,171,60
2025-12-01T17:41:16.992356,208,119,308,680,291,77,60,74,-9210,6581,8429,-8322,48,-2043,265,-797,150,187
2025-12-01T17:41:17.007290,251,137,283,749,294,95,65,76,-9143,6690,8467,-8270,95,-1906,180,-707,102,133
2025-12-01T17:41:17.030415,255,149,267,829,304,95,65,74,-9078,6806,8518,-8194,144,-2001,215,-867,139,64
2025-12-01T17:41:17.052350,265,166,313,895,307,100,70,78,-9013,6917,8574,-8115,144,-2001,143,-858,129,35
2025-12-01T17:41:17.067258,268,155,298,865,280,100,69,71,-8930,7052,8638,-8022,99,-2095,176,-1070,139,65
2025-12-01T17:41:17.089743,255,155,289,836,230,100,73,75,-8829,7205,8709,-7920,36,-2175,85,-1195,144,88
2025-12-01T17:41:17.112369,254,141,290,907,211,89,80,69,-8715,7358,8777,-7830,-44,-2237,-29,-1155,89,125
2025-12-01T17:41:17.126867,276,135,307,911,229,96,88,78,-8589,7503,8854,-7744,-56,-2189,-226,-1091,6,132
2025-12-01T17:41:17.149558,316,151,300,940,281,150,100,93,-8433,7618,8968,-7671,-71,-2188,-355,-1106,-287,61
2025-12-01T17:41:17.172451,322,146,315,1007,310,178,110,98,-8235,7721,9128,-7595,77,-2086,-458,-1287,-573,103
2025-12-01T17:41:17.187504,317,148,300,1019,349,220,129,95,-8000,7846,9317,-7487,138,-1928,-636,-1568,-624,148
2025-12-01T17:41:17.209859,300,156,321,1000,393,288,142,101,-7761,7948,9526,-7367,-13,-1971,-712,-1780,-740,14
2025-12-01T17:41:17.232001,269,147,299,1082,423,368,189,102,-7537,8037,9720,-7251,-39,-1825,-695,-1664,-693,-13
2025-12-01T17:41:17.247228,213,120,256,1154,427,405,211,91,-7338,8155,9899,-7078,57,-1342,-582,-1832,-349,-65
2025-12-01T17:41:17.269791,192,119,236,1097,426,513,279,101,-7147,8341,10083,-6791,-63,-1184,-590,-2382,155,-171
2025-12-01T17:41:17.292128,160,116,239,1079,442,578,322,106,-6928,8578,10286,-6408,-27,-1636,-543,-2999,399,-217
2025-12-01T17:41:17.307309,117,109,227,1085,608,648,372,115,-6684,8854,10474,-5971,-13,-1908,-531,-3357,587,-118
2025-12-01T17:41:17.329523,99,112,235,967,643,785,383,118,-6439,9124,10615,-5571,-68,-2415,-650,-3148,581,78
2025-12-01T17:41:17.352305,78,96,215,806,634,799,380,117,-6184,9369,10696,-5291,136,-2631,-670,-2611,232,474
2025-12-01T17:41:17.374825,69,81,185,852,633,750,338,105,-5879,9601,10762,-5085,296,-2299,-666,-2434,-182,754
2025-12-01T17:41:17.390009,62,69,166,829,626,711,323,104,-5566,9834,10815,-4876,473,-2363,-820,-2457,-200,831
2025-12-01T17:41:17.412380,49,53,119,705,481,636,282,93,-5315,10022,10845,-4703,307,-2812,-1048,-2017,-106,684
2025-12-01T17:41:17.434366,98,47,80,732,402,404,240,83,-5173,10145,10827,-4638,339,-2891,-1075,-1493,-160,660
2025-12-01T17:41:17.454347,119,49,64,787,386,323,231,81,-5091,10245,10803,-4566,506,-2658,-1073,-1197,0,582
2025-12-01T17:41:17.471765,147,54,58,742,359,297,252,85,-5069,10306,10780,-4507,459,-2700,-1165,-868,129,336
2025-12-01T17:41:17.494816,151,56,51,677,299,244,211,77,-5098,10322,10747,-4514,425,-2738,-1181,-350,49,229
2025-12-01T17:41:17.509368,154,128,90,684,199,202,172,72,-5190,10290,10699,-4596,417,-2622,-1136,301,-28,141
2025-12-01T17:41:17.532336,143,154,152,631,175,182,163,73,-5330,10251,10620,-4708,318,-2491,-1088,706,121,165
2025-12-01T17:41:17.554878,144,157,209,564,145,167,147,68,-5517,10211,10497,-4852,194,-2418,-1049,1108,303,250
2025-12-01T17:41:17.569513,150,164,261,468,147,114,83,61,-5744,10168,10329,-5034,64,-2454,-920,1455,434,347
2025-12-01T17:41:17.596503,153,176,284,496,151,102,68,60,-5977,10130,10145,-5210,-85,-2476,-840,1740,521,420
2025-12-01T17:41:17.614776,184,182,319,478,136,88,61,56,-6251,10069,9924,-5431,-158,-2493,-737,2152,545,480
2025-12-01T17:41:17.637319,311,255,436,457,124,87,59,64,-6555,9981,9673,-5682,-309,-2530,-621,2475,561,484
2025-12-01T17:41:17.652352,315,291,427,383,115,78,57,68,-6870,9876,9400,-5945,-438,-2543,-550,2641,578,495
2025-12-01T17:41:17.675156,304,287,413,363,141,70,38,66,-7196,9752,9101,-6222,-539,-2438,-513,2844,590,516
2025-12-01T17:41:17.689391,318,283,440,307,168,67,40,94,-7516,9603,8809,-6490,-582,-2207,-480,2869,532,404
2025-12-01T17:41:17.712974,301,259,444,288,183,98,54,105,-7811,9434,8553,-6729,-580,-2096,-579,2707,405,208
2025-12-01T17:41:17.734753,198,192,415,206,185,104,52,110,-8062,9248,8347,-6946,-555,-2154,-527,2440,168,42
2025-12-01T17:41:17.749727,192,133,417,174,185,121,54,115,-8284,9054,8168,-7149,-515,-2201,-479,2267,36,-33
2025-12-01T17:41:17.771956,195,136,421,167,166,145,58,122,-8499,8840,7989,-7365,-569,-2178,-451,2353,-74,-38
2025-12-01T17:41:17.794499,181,131,383,181,203,154,69,107,-8699,8609,7817,-7585,-513,-2046,-394,2361,-202,-53
2025-12-01T17:41:17.809829,201,127,348,169,200,136,81,101,-8862,8395,7671,-7784,-398,-1858,-261,2068,-269,-33
2025-12-01T17:41:17.832236,174,91,225,165,196,135,86,104,-8996,8203,7559,-7942,-400,-1847,-243,1726,-275,-121
2025-12-01T17:41:17.854787,170,86,215,168,220,134,88,106,-9084,8046,7483,-8074,-307,-1886,-276,1532,-350,-214
2025-12-01T17:41:17.874522,218,84,216,160,222,116,88,112,-9163,7870,7441,-8195,-219,-1881,-261,1461,-490,-322
2025-12-01T17:41:17.892367,224,91,229,159,185,134,92,117,-9235,7671,7425,-8317,-122,-1901,-264,1470,-662,-383
2025-12-01T17:41:17.915168,229,86,222,150,203,140,100,123,-9300,7448,7427,-8445,24,-1864,-248,1506,-801,-388
2025-12-01T17:41:17.929549,225,83,209,154,208,140,115,127,-9347,7220,7452,-8567,119,-1783,-200,1381,-912,-375
2025-12-01T17:41:17.952312,225,78,185,151,187,130,115,142,-9377,6984,7490,-8697,234,-1782,-118,1323,-1025,-309
2025-12-01T17:41:17.974795,193,74,138,153,183,122,113,162,-9396,6743,7534,-8828,298,-1771,33,1233,-1085,-280
2025-12-01T17:41:17.989811,186,81,98,140,168,84,103,173,-9407,6512,7581,-8948,343,-1669,132,1098,-1055,-253
2025-12-01T17:41:18.012360,176,91,93,160,128,72,79,182,-9415,6302,7625,-9052,409,-1718,311,915,-953,-224
2025-12-01T17:41:18.033005,169,90,101,175,254,71,52,182,-9424,6109,7659,-9146,569,-1778,380,863,-825,-122
2025-12-01T17:41:18.049335,161,89,126,183,270,77,58,194,-9428,5947,7691,-9222,498,-1836,371,726,-704,-131
2025-12-01T17:41:18.071752,143,87,189,183,286,80,57,202,-9423,5810,7711,-9297,587,-1911,430,666,-596,13
2025-12-01T17:41:18.094881,142,75,227,179,296,81,60,202,-9415,5697,7716,-9371,580,-1878,465,607,-481,113
2025-12-01T17:41:18.109826,134,67,232,159,310,83,62,236,-9400,5604,7709,-9447,517,-1918,485,584,-409,172
2025-12-01T17:41:18.131991,128,67,233,145,248,79,66,243,-9379,5520,7702,-9523,527,-1974,529,540,-395,213
2025-12-01T17:41:18.154782,126,72,303,137,238,92,98,232,-9349,5439,7697,-9603,538,-1996,530,528,-426,266
2025-12-01T17:41:18.169824,117,71,288,164,251,97,107,210,-9318,5350,7686,-9691,503,-1841,553,563,-448,277
2025-12-01T17:41:18.192813,98,66,267,219,246,102,107,201,-9285,5263,7689,-9768,519,-1766,540,474,-472,238
2025-12-01T17:41:18.214576,91,74,361,256,245,101,107,142,-9258,5180,7704,-9826,542,-1679,568,360,-440,169
2025-12-01T17:41:18.229755,108,79,370,275,225,121,121,115,-9236,5106,7729,-9865,601,-1716,558,270,-383,113
2025-12-01T17:41:18.252328,113,77,317,315,238,114,111,95,-9225,5037,7761,-9887,712,-1696,618,172,-317,73
2025-12-01T17:41:18.275077,124,83,300,334,205,114,105,80,-9223,4982,7800,-9885,744,-1646,617,47,-218,13
2025-12-01T17:41:18.297073,126,94,330,336,189,110,109,69,-9224,4951,7842,-9866,708,-1615,605,-79,-119,-18
2025-12-01T17:41:18.312490,125,85,311,396,168,112,113,81,-9229,4945,7877,-9838,645,-1685,633,-155,-10,-22
2025-12-01T17:41:18.334393,113,82,321,395,147,108,101,77,-9232,4957,7898,-9811,508,-1753,729,-208,56,-15
2025-12-01T17:41:18.356851,111,85,357,367,98,125,83,70,-9239,4989,7909,-9780,408,-1717,702,-236,152,-15
2025-12-01T17:41:18.376180,107,86,377,351,124,128,78,67,-9255,5031,7909,-9744,321,-1769,709,-225,233,-69
2025-12-01T17:41:18.394958,123,91,376,331,129,149,75,67,-9276,5082,7908,-9697,230,-1775,702,-273,284,-135
2025-12-01T17:41:18.417295,129,104,355,230,130,150,68,52,-9297,5147,7916,-9636,206,-1810,693,-381,320,-179
2025-12-01T17:41:18.432584,147,138,350,239,127,171,87,56,-9317,5224,7938,-9557,258,-1899,682,-502,354,-201
2025-12-01T17:41:18.454701,159,145,352,354,130,161,104,67,-9327,5300,7967,-9481,261,-2047,647,-501,304,-186
2025-12-01T17:41:18.477630,208,145,358,351,93,158,110,74,-9330,5352,7991,-9428,257,-2077,662,-365,172,-156
2025-12-01T17:41:18.492224,217,140,337,357,124,158,121,74,-9328,5387,8011,-9393,264,-2009,612,-251,91,-109
2025-12-01T17:41:18.515277,211,141,315,380,133,215,128,73,-9324,5405,8030,-9371,346,-2045,670,-197,16,-69
2025-12-01T17:41:18.536755,201,114,318,379,135,199,113,70,-9319,5414,8046,-9357,457,-2020,741,-177,-6,1
2025-12-01T17:41:18.552267,193,109,287,334,158,202,102,63,-9327,5420,8052,-9340,521,-1928,735,-129,62,3
2025-12-01T17:41:18.574430,133,115,279,557,171,241,105,63,-9329,5434,8072,-9312,485,-1942,621,-193,55,-39
2025-12-01T17:41:18.597016,172,115,276,625,152,233,100,69,-9309,5447,8107,-9295,503,-2080,585,-209,-77,25
2025-12-01T17:41:18.612268,176,102,271,626,166,189,87,68,-9301,5427,8122,-9301,559,-2007,561,48,-114,44
2025-12-01T17:41:18.634910,180,102,299,801,178,209,101,68,-9303,5397,8141,-9300,608,-1809,502,67,-101,-4
2025-12-01T17:41:18.656910,208,106,325,837,165,212,101,69,-9297,5392,8182,-9273,625,-1723,471,-178,-69,-16
2025-12-01T17:41:18.671848,212,103,334,796,186,178,95,65,-9289,5407,8231,-9229,631,-1774,449,-302,-1,-30
2025-12-01T17:41:18.695356,158,104,340,799,211,174,88,58,-9287,5431,8275,-9177,617,-1759,438,-334,70,-46
2025-12-01T17:41:18.717639,146,106,333,813,209,170,104,73,-9289,5464,8317,-9118,582,-1704,400,-362,124,-71
2025-12-01T17:41:18.732512,140,99,300,715,205,172,110,77,-9284,5507,8364,-9054,523,-1740,305,-388,129,-81
2025-12-01T17:41:18.754726,90,90,281,699,221,190,107,75,-9280,5555,8409,-8986,540,-1719,299,-423,161,-66
2025-12-01T17:41:18.777323,88,85,255,684,220,184,105,72,-9277,5631,8459,-8894,529,-1680,298,-608,270,-77
2025-12-01T17:41:18.792518,222,95,302,719,193,182,105,76,-9259,5741,8519,-8785,441,-1721,197,-780,334,-59
2025-12-01T17:41:18.814784,242,116,302,717,211,178,90,62,-9232,5866,8583,-8668,410,-1713,138,-870,347,-33
2025-12-01T17:41:18.837176,254,130,298,742,214,157,88,56,-9201,6000,8655,-8536,493,-1746,86,-967,381,-22
2025-12-01T17:41:18.852127,266,149,279,758,190,125,93,58,-9150,6173,8737,-8383,365,-1815,-13,-1185,440,-4
2025-12-01T17:41:18.874787,273,157,272,733,169,113,92,60,-9066,6358,8846,-8221,387,-1892,-64,-1399,312,44
2025-12-01T17:41:18.897594,187,166,232,770,191,121,90,51,-8955,6567,8972,-8039,335,-1919,-227,-1587,296,70
2025-12-01T17:41:18.912148,248,160,243,867,176,130,118,56,-8824,6768,9094,-7878,201,-1951,-321,-1519,175,102
2025-12-01T17:41:18.934745,239,153,274,1003,207,133,115,67,-8669,6972,9222,-7722,137,-1882,-521,-1518,99,156
2025-12-01T17:41:18.957278,226,142,297,1040,248,147,117,65,-8504,7161,9357,-7569,-13,-1812,-490,-1735,-47,202
2025-12-01T17:41:18.976522,218,139,310,1091,300,202,136,70,-8297,7357,9530,-7392,-158,-1766,-582,-2028,-210,161
2025-12-01T17:41:18.994456,223,128,336,1103,384,203,156,73,-8061,7566,9728,-7182,-257,-1732,-562,-2327,-259,109
2025-12-01T17:41:19.017294,124,120,332,1106,406,300,153,71,-7803,7773,9932,-6964,-432,-1700,-469,-2449,-327,96
2025-12-01T17:41:19.032230,111,113,311,1011,490,441,165,59,-7523,7997,10143,-6707,-544,-1728,-432,-2712,-274,69
2025-12-01T17:41:19.054403,110,103,282,979,533,503,208,60,-7242,8249,10344,-6399,-477,-1716,-442,-2960,-46,77
2025-12-01T17:41:19.077584,97,94,270,946,590,625,226,59,-6971,8510,10522,-6057,-423,-2178,-527,-3048,162,63
2025-12-01T17:41:19.092029,63,73,202,888,555,661,234,58,-6701,8761,10669,-5740,-312,-2433,-486,-2909,146,194
2025-12-01T17:41:19.114960,54,64,168,787,533,630,256,59,-6460,9015,10756,-5453,-214,-2495,-635,-2606,304,402
2025-12-01T17:41:19.137079,54,58,139,689,473,580,270,75,-6209,9242,10827,-5220,44,-2695,-682,-2367,72,519
2025-12-01T17:41:19.150117,52,49,121,661,421,605,252,72,-5967,9454,10862,-5045,93,-2922,-665,-2065,-37,696
2025-12-01T17:41:19.173198,45,39,89,568,297,501,245,68,-5764,9667,10853,-4895,187,-2855,-821,-1766,112,839
2025-12-01T17:41:19.197615,47,41,74,472,269,455,247,71,-5617,9835,10809,-4829,262,-2876,-930,-1517,-2,841
2025-12-01T17:41:19.212335,45,47,71,476,276,464,230,72,-5480,9967,10781,-4778,322,-2739,-983,-1349,-130,725
2025-12-01T17:41:19.234863,56,46,57,456,226,413,233,68,-5372,10069,10765,-4723,375,-2785,-1052,-1234,-102,546
2025-12-01T17:41:19.257068,75,48,43,394,189,280,240,89,-5338,10128,10728,-4719,362,-2957,-985,-778,-36,433
2025-12-01T17:41:19.279936,85,105,53,404,175,199,228,105,-5374,10142,10678,-4759,337,-2729,-1072,-137,29,284
2025-12-01T17:41:19.294794,85,109,60,434,159,185,204,101,-5454,10106,10625,-4863,220,-2691,-1180,425,-60,109
2025-12-01T17:41:19.325484,84,110,67,484,150,130,185,98,-5545,10051,10562,-5011,179,-2537,-1104,733,-176,139
2025-12-01T17:41:19.339518,86,113,162,451,134,109,135,93,-5638,10004,10488,-5154,177,-2232,-1032,822,-122,208
2025-12-01T17:41:19.354761,85,114,250,497,141,135,79,73,-5755,9969,10386,-5296,90,-2286,-897,884,68,264
2025-12-01T17:41:19.377371,94,76,305,520,137,129,55,49,-5920,9941,10232,-5464,-21,-2367,-777,1178,290,386
2025-12-01T17:41:19.408087,125,83,348,507,127,130,60,49,-6124,9908,10046,-5642,-114,-2372,-768,1667,436,467
2025-12-01T17:41:19.414937,145,98,424,416,115,124,59,52,-6380,9851,9816,-5859,-253,-2340,-725,2121,532,500
2025-12-01T17:41:19.437331,173,99,413,404,110,121,59,48,-6659,9768,9558,-6109,-342,-2311,-681,2437,511,529
2025-12-01T17:41:19.459798,180,108,410,317,87,80,60,54,-6938,9672,9289,-6362,-441,-2173,-648,2516,503,517
2025-12-01T17:41:19.474855,194,112,431,239,114,99,64,56,-7199,9562,9032,-6602,-531,-2071,-615,2439,430,425
2025-12-01T17:41:19.497679,222,109,407,146,128,112,68,56,-7427,9441,8817,-6813,-572,-2002,-531,2185,287,260
2025-12-01T17:41:19.519649,241,105,359,151,138,112,69,53,-7637,9303,8643,-6991,-545,-1960,-585,1990,197,34
2025-12-01T17:41:19.534717,256,108,359,159,144,115,69,51,-7833,9146,8496,-7158,-583,-1978,-519,1906,73,-110
2025-12-01T17:41:19.557305,269,110,378,217,200,127,69,46,-8011,8984,8369,-7314,-631,-1994,-475,1777,-14,-180
2025-12-01T17:41:19.579643,283,133,351,250,202,148,77,48,-8173,8806,8249,-7486,-647,-2029,-491,1819,-174,-164
2025-12-01T17:41:19.602920,270,131,352,253,187,152,73,49,-8305,8625,8157,-7651,-453,-1921,-366,1642,-324,-176
2025-12-01T17:41:19.617271,276,132,331,246,185,159,76,54,-8398,8480,8087,-7785,-357,-1911,-338,1402,-307,-273
2025-12-01T17:41:19.639791,290,134,353,237,179,158,79,63,-8490,8339,8028,-7897,-269,-1952,-241,1269,-271,-305
2025-12-01T17:41:19.654417,341,129,294,177,116,153,78,75,-8590,8193,7968,-8002,-214,-1956,-226,1311,-246,-340
2025-12-01T17:41:19.677634,331,96,266,120,97,152,70,73,-8695,8038,7916,-8098,-144,-1962,-213,1322,-253,-384
2025-12-01T17:41:19.700746,341,104,351,115,99,173,101,82,-8797,7881,7872,-8184,-43,-1929,-164,1268,-263,-392
2025-12-01T17:41:19.714685,421,126,367,115,90,175,110,101,-8890,7724,7845,-8258,24,-1905,-171,1193,-301,-423
2025-12-01T17:41:19.737874,480,125,349,122,93,180,109,106,-8968,7562,7837,-8332,22,-1922,-170,1132,-419,-453
2025-12-01T17:41:19.760313,445,135,347,125,94,197,108,102,-9028,7394,7848,-8406,144,-1921,-126,1048,-525,-410
2025-12-01T17:41:19.774746,524,156,349,129,81,182,110,133,-9078,7227,7864,-8482,167,-1912,-33,972,-574,-385
2025-12-01T17:41:19.797213,552,164,257,125,83,156,87,134,-9120,7065,7879,-8559,185,-1907,11,939,-580,-344
2025-12-01T17:41:19.819592,505,154,226,105,76,199,104,120,-9172,6886,7888,-8641,533,-1782,165,966,-563,-206
2025-12-01T17:41:19.834742,433,154,209,92,74,203,106,114,-9216,6757,7914,-8672,347,-1817,49,679,-389,-361
2025-12-01T17:41:19.857051,522,146,220,88,67,187,106,137,-9224,6659,7941,-8715,215,-2086,161,504,-437,-232
2025-12-01T17:41:19.880018,479,145,197,97,64,178,101,125,-9257,6529,7910,-8806,478,-1873,392,835,-378,44
2025-12-01T17:41:19.894932,452,140,210,91,61,168,93,133,-9285,6435,7899,-8856,365,-1769,242,622,-258,-81
2025-12-01T17:41:19.917886,431,135,227,99,69,108,60,192,-9296,6374,7893,-8894,387,-1966,394,379,-197,5
2025-12-01T17:41:19.939776,458,158,247,104,68,92,61,230,-9303,6311,7875,-8947,358,-1995,336,503,-204,71
2025-12-01T17:41:19.954776,373,161,231,113,72,87,68,224,-9300,6238,7860,-9015,379,-1942,320,549,-300,125
2025-12-01T17:41:19.977160,332,152,237,108,70,92,77,222,-9303,6159,7852,-9072,494,-1833,404,479,-291,108
2025-12-01T17:41:20.000072,331,159,303,147,85,127,85,236,-9302,6096,7851,-9116,449,-1869,389,385,-251,82
2025-12-01T17:41:20.014755,342,172,371,182,87,121,85,195,-9305,6032,7861,-9148,557,-1863,432,312,-242,54
2025-12-01T17:41:20.037320,299,156,382,190,90,119,80,155,-9310,5967,7881,-9168,639,-1802,414,262,-230,27
2025-12-01T17:41:20.059778,269,156,395,248,89,115,74,144,-9326,5911,7914,-9159,798,-1738,438,108,-135,-17
2025-12-01T17:41:20.074867,268,151,414,389,99,112,67,132,-9346,5874,7965,-9119,846,-1755,413,-65,-56,-102
2025-12-01T17:41:20.097375,255,156,453,614,118,97,64,88,-9364,5855,8028,-9057,904,-1703,389,-225,13,-112
2025-12-01T17:41:20.120287,243,144,400,622,130,102,68,79,-9380,5856,8108,-8968,959,-1704,322,-392,71,-162
2025-12-01T17:41:20.134877,242,140,379,702,148,105,70,73,-9400,5876,8193,-8856,936,-1703,246,-494,171,-218
2025-12-01T17:41:20.157326,245,134,371,757,156,114,88,69,-9414,5915,8287,-8726,930,-1677,127,-601,221,-232
2025-12-01T17:41:20.179907,223,136,359,767,157,113,97,71,-9424,5977,8384,-8580,903,-1687,63,-722,292,-237
2025-12-01T17:41:20.202927,203,120,249,673,143,92,97,68,-9424,6074,8489,-8407,832,-1671,18,-950,385,-259
2025-12-01T17:41:20.217373,290,112,233,804,154,93,144,83,-9400,6208,8614,-8206,735,-1709,-160,-1190,417,-272
2025-12-01T17:41:20.240144,315,119,235,885,198,97,160,84,-9345,6374,8749,-7996,638,-1832,-251,-1386,392,-212
2025-12-01T17:41:20.262960,324,148,298,950,307,117,184,88,-9271,6564,8868,-7794,447,-1886,-373,-1622,374,-135
2025-12-01T17:41:20.277410,323,162,306,989,355,127,190,92,-9162,6749,9006,-7606,362,-1857,-533,-1685,164,-67
2025-12-01T17:41:20.299722,336,156,315,1047,375,133,194,95,-8994,6974,9190,-7379,20,-1875,-651,-2181,32,-66
2025-12-01T17:41:20.323098,360,167,324,1017,391,181,192,88,-8756,7185,9416,-7176,-198,-1926,-639,-2352,-407,14
2025-12-01T17:41:20.337336,412,158,354,1075,428,300,242,90,-8454,7370,9674,-7004,-430,-2027,-610,-2426,-847,72
2025-12-01T17:41:20.359783,406,136,314,1090,409,356,262,95,-8148,7539,9912,-6852,-433,-1918,-427,-2318,-893,138
2025-12-01T17:41:20.382951,410,113,285,1060,383,441,273,92,-7877,7685,10106,-6723,-487,-1971,-173,-2024,-768,147
2025-12-01T17:41:20.397452,397,116,281,1073,395,485,284,92,-7655,7825,10253,-6595,-523,-1921,-58,-1792,-487,145
2025-12-01T17:41:20.416987,302,106,293,1032,426,516,312,96,-7439,8024,10411,-6350,-483,-1448,-155,-2351,-48,23
2025-12-01T17:41:20.441200,165,104,250,890,418,518,274,84,-7197,8284,10609,-5956,-537,-1698,-386,-3188,311,-208
2025-12-01T17:41:20.456746,133,95,224,775,398,573,255,76,-6928,8553,10789,-5557,-344,-2445,-544,-3309,286,-80
2025-12-01T17:41:20.479953,110,94,224,716,415,544,273,82,-6683,8800,10910,-5226,-370,-2589,-745,-2823,288,124
2025-12-01T17:41:20.503300,92,80,187,531,398,515,288,91,-6448,9004,10990,-5001,-163,-2618,-861,-2240,15,338
2025-12-01T17:41:20.517327,59,60,130,488,370,553,282,86,-6180,9184,11060,-4855,-11,-2548,-1005,-1962,-384,535
2025-12-01T17:41:20.540260,58,51,102,398,313,536,290,88,-5883,9385,11123,-4693,153,-2407,-1056,-2145,-402,671
2025-12-01T17:41:20.563052,58,49,81,334,284,447,281,89,-5564,9578,11187,-4536,217,-2589,-1253,-2193,-526,698
2025-12-01T17:41:20.577146,61,43,54,444,269,425,262,83,-5252,9742,11245,-4415,236,-2718,-1272,-1998,-652,670
2025-12-01T17:41:20.599801,59,46,49,440,268,442,247,81,-5055,9858,11248,-4378,504,-2737,-1137,-1559,-593,714
2025-12-01T17:41:20.623021,63,48,48,451,239,340,195,77,-4965,9941,11218,-4371,588,-2710,-1106,-992,-311,646
2025-12-01T17:41:20.637457,59,47,45,437,237,279,176,71,-4935,10000,11172,-4388,462,-2548,-1213,-529,-127,527
2025-12-01T17:41:20.659802,89,48,49,424,223,257,161,70,-4929,10028,11139,-4416,440,-2403,-1243,-301,-136,346
2025-12-01T17:41:20.682880,86,59,56,274,178,218,135,68,-4977,10020,11103,-4469,390,-2455,-1201,17,-45,164
2025-12-01T17:41:20.697277,86,53,71,305,148,154,100,57,-5077,9991,11050,-4551,336,-2372,-1179,417,77,93
2025-12-01T17:41:20.720433,87,65,90,275,116,125,90,49,-5219,9940,10976,-4681,157,-2301,-1275,914,137,29
2025-12-01T17:41:20.742738,98,68,124,325,102,107,79,48,-5395,9876,10876,-4849,122,-2235,-1164,1255,179,72
2025-12-01T17:41:20.754999,93,72,167,397,111,102,69,48,-5595,9817,10749,-5022,26,-2114,-1081,1446,336,117
2025-12-01T17:41:20.778554,108,75,282,407,112,100,56,47,-5819,9764,10593,-5198,-68,-2084,-968,1586,503,156
2025-12-01T17:41:20.803272,225,99,366,389,127,104,56,49,-6075,9697,10423,-5370,-196,-2170,-937,1865,595,166
2025-12-01T17:41:20.817274,280,99,419,370,125,104,61,55,-6357,9615,10221,-5576,-338,-2236,-835,2167,624,219
2025-12-01T17:41:20.839769,290,101,439,330,127,100,57,61,-6647,9523,9994,-5802,-421,-2128,-804,2352,622,291
2025-12-01T17:41:20.863003,360,109,460,248,140,113,71,65,-6932,9424,9752,-6039,-482,-2146,-745,2424,589,341
2025-12-01T17:41:20.876961,403,125,453,240,146,116,71,67,-7194,9324,9510,-6268,-528,-2033,-666,2338,535,359
2025-12-01T17:41:20.899308,362,113,396,203,129,108,69,66,-7439,9207,9285,-6489,-520,-2006,-699,2285,421,270
2025-12-01T17:41:20.923178,392,120,355,200,135,136,79,74,-7664,9071,9079,-6707,-570,-2000,-584,2211,273,177
2025-12-01T17:41:20.937359,455,124,328,197,167,164,91,71,-7866,8927,8889,-6917,-544,-2031,-461,2101,164,141
2025-12-01T17:41:20.959856,435,126,288,167,166,159,86,72,-8048,8777,8710,-7125,-527,-2029,-508,2044,61,132
2025-12-01T17:41:20.982624,413,114,233,131,162,167,89,73,-8219,8602,8559,-7323,-484,-1939,-492,1991,-87,-20
2025-12-01T17:41:20.996812,435,111,219,165,168,195,87,69,-8365,8426,8441,-7499,-417,-1917,-451,1778,-193,-106
2025-12-01T17:41:21.019814,513,136,194,190,171,193,80,65,-8467,8283,8339,-7655,-231,-1932,-316,1553,-213,-122
2025-12-01T17:41:21.042688,542,136,182,188,146,184,72,67,-8561,8147,8254,-7787,-255,-1935,-308,1424,-202,-204
2025-12-01T17:41:21.057314,524,129,162,195,129,180,66,61,-8650,8014,8188,-7897,-175,-1950,-245,1279,-212,-262
2025-12-01T17:41:21.079999,578,130,185,196,127,174,78,66,-8724,7893,8152,-7974,-54,-1884,-243,1049,-216,-306
2025-12-01T17:41:21.103075,573,138,193,180,142,143,91,79,-8782,7786,8134,-8033,-8,-1929,-243,881,-228,-304
2025-12-01T17:41:21.125178,464,113,197,157,142,134,88,77,-8844,7673,8120,-8088,153,-1928,-189,872,-227,-277
2025-12-01T17:41:21.139827,368,110,196,161,127,140,111,95,-8894,7557,8113,-8149,101,-2071,-181,866,-311,-289
2025-12-01T17:41:21.163022,365,109,197,138,122,141,119,124,-8939,7415,8109,-8234,142,-2041,-74,940,-466,-266
2025-12-01T17:41:21.185398,271,100,125,157,116,136,110,135,-8986,7252,8105,-8331,163,-1999,-73,1068,-548,-290
2025-12-01T17:41:21.199865,235,95,167,158,86,133,99,150,-9045,7065,8099,-8433,410,-1893,138,1091,-583,-242
2025-12-01T17:41:21.223037,275,92,180,166,71,141,103,153,-9103,6921,8101,-8488,294,-1822,168,792,-381,-357
2025-12-01T17:41:21.245529,274,92,200,172,76,161,115,145,-9143,6817,8094,-8535,395,-2000,193,643,-260,-154
2025-12-01T17:41:21.259778,263,91,215,181,89,163,115,128,-9175,6738,8070,-8587,344,-2151,168,655,-168,-51
2025-12-01T17:41:21.283502,243,89,231,175,111,162,115,148,-9205,6658,8016,-8668,293,-2123,201,814,-150,86
2025-12-01T17:41:21.305623,255,82,205,179,115,160,114,139,-9234,6556,7952,-8773,158,-2048,404,882,-265,62
2025-12-01T17:41:21.319390,192,73,185,165,124,140,111,165,-9265,6456,7885,-8874,281,-1767,405,868,-225,138
2025-12-01T17:41:21.342336,163,63,168,152,164,84,71,167,-9285,6390,7857,-8926,223,-1811,334,530,-166,-12
2025-12-01T17:41:21.362488,150,70,188,145,199,79,61,170,-9280,6342,7843,-8977,119,-2026,375,393,-235,13
2025-12-01T17:41:21.386148,133,85,184,152,231,87,64,154,-9267,6283,7822,-9049,147,-2016,334,517,-306,102
2025-12-01T17:41:21.402277,107,86,199,131,234,96,72,160,-9253,6211,7803,-9130,179,-1847,378,535,-369,124
2025-12-01T17:41:21.425518,97,92,216,150,253,103,80,135,-9243,6134,7790,-9202,205,-1826,444,487,-380,76
2025-12-01T17:41:21.439791,99,104,226,252,230,110,79,129,-9243,6063,7775,-9263,340,-1794,483,450,-286,96
2025-12-01T17:41:21.462759,106,108,274,264,196,118,81,118,-9243,6015,7783,-9288,421,-1811,461,229,-191,36
2025-12-01T17:41:21.484862,107,150,308,410,173,138,86,104,-9236,5985,7806,-9294,545,-1928,440,86,-146,68
2025-12-01T17:41:21.499864,102,153,304,509,187,132,87,78,-9221,5944,7840,-9307,679,-2006,487,79,-235,124
2025-12-01T17:41:21.523274,118,155,332,574,161,134,80,70,-9214,5899,7884,-9306,898,-1900,521,1,-200,145
2025-12-01T17:41:21.545576,128,162,338,667,175,141,99,66,-9202,5879,7941,-9281,904,-1898,442,-159,-122,121
2025-12-01T17:41:21.559761,125,158,318,717,186,149,126,69,-9182,5862,8010,-9253,913,-1912,406,-215,-166,119
2025-12-01T17:41:21.582993,119,111,293,773,168,129,150,73,-9157,5850,8101,-9206,961,-1777,346,-361,-190,68
2025-12-01T17:41:21.605673,391,136,327,819,176,135,168,71,-9134,5848,8214,-9129,921,-1718,193,-480,-163,-65
2025-12-01T17:41:21.619809,412,141,302,933,204,135,170,70,-9109,5867,8343,-9024,843,-1704,18,-610,-101,-176
2025-12-01T17:41:21.642687,433,128,299,925,207,120,167,74,-9088,5898,8473,-8903,877,-1696,-4,-690,-27,-192
2025-12-01T17:41:21.665433,448,160,262,945,201,92,167,68,-9043,5979,8631,-8742,718,-1621,-197,-1027,47,-234
2025-12-01T17:41:21.679731,450,168,254,931,224,93,144,61,-8973,6099,8815,-8546,528,-1666,-272,-1362,51,-323
2025-12-01T17:41:21.703550,254,155,197,983,206,98,140,63,-8896,6223,8995,-8347,342,-1659,-328,-1603,8,-388
2025-12-01T17:41:21.725551,211,151,207,916,191,91,141,66,-8807,6359,9197,-8115,178,-1557,-481,-1811,10,-487
2025-12-01T17:41:21.739955,155,151,227,911,205,118,137,63,-8688,6490,9440,-7856,-92,-1495,-568,-2066,-168,-625
2025-12-01T17:41:21.762902,101,122,227,863,208,158,114,67,-8532,6620,9721,-7571,-250,-1613,-383,-2363,-344,-717
2025-12-01T17:41:21.785508,86,111,225,853,198,217,121,66,-8351,6763,10013,-7260,-294,-1774,-313,-2591,-368,-724
2025-12-01T17:41:21.799761,79,96,230,808,266,268,119,62,-8147,6908,10299,-6948,-431,-1968,-170,-2680,-421,-679
2025-12-01T17:41:21.823063,61,82,208,811,271,344,146,60,-7937,7060,10563,-6634,-539,-2137,-117,-2697,-360,-611
2025-12-01T17:41:21.845225,53,77,176,798,262,455,186,66,-7699,7253,10801,-6316,-637,-2116,-238,-2828,-275,-363
2025-12-01T17:41:21.859828,50,64,170,822,273,481,204,66,-7420,7476,11032,-5983,-568,-2198,-311,-3061,-300,-177
2025-12-01T17:41:21.883442,48,60,152,743,288,484,231,77,-7118,7741,11234,-5624,-486,-2514,-565,-3275,-148,38
2025-12-01T17:41:21.905603,44,51,129,607,265,521,242,81,-6783,8019,11396,-5314,-298,-2607,-640,-3146,-294,402
2025-12-01T17:41:21.919817,42,51,112,478,284,481,226,79,-6451,8299,11495,-5079,-151,-2631,-795,-2743,-337,772
2025-12-01T17:41:21.943009,38,45,88,361,328,383,194,71,-6102,8553,11569,-4919,-37,-2506,-969,-2381,-611,962
2025-12-01T17:41:21.965416,37,41,73,266,325,377,224,83,-5765,8790,11615,-4797,121,-2562,-1114,-2122,-658,1061
2025-12-01T17:41:21.980234,52,32,55,256,311,351,238,76,-5450,9019,11630,-4703,243,-2539,-1159,-1888,-620,1169
2025-12-01T17:41:22.002338,56,32,52,245,273,246,239,71,-5145,9234,11635,-4615,417,-2450,-1246,-1782,-620,1161
2025-12-01T17:41:22.025170,66,30,48,223,244,248,240,83,-4891,9424,11631,-4517,674,-2649,-1134,-1646,-440,1026
2025-12-01T17:41:22.039793,91,32,34,192,166,237,244,85,-4806,9536,11581,-4501,670,-2767,-1144,-1024,-227,836
2025-12-01T17:41:22.062290,104,36,32,186,145,166,204,81,-4793,9606,11519,-4528,720,-2652,-1243,-444,-145,707
2025-12-01T17:41:22.085490,108,38,30,143,120,155,167,86,-4822,9638,11467,-4560,683,-2441,-1230,-158,-56,472
2025-12-01T17:41:22.108305,110,39,31,156,129,167,133,86,-4906,9635,11421,-4590,585,-2363,-1233,108,145,184
2025-12-01T17:41:22.122313,105,38,31,143,108,141,128,75,-5016,9598,11378,-4655,324,-2380,-1389,467,184,-56
2025-12-01T17:41:22.145525,86,37,55,163,105,157,117,72,-5133,9531,11338,-4764,207,-2213,-1386,798,59,-156
2025-12-01T17:41:22.168176,81,41,122,195,103,159,107,62,-5256,9459,11289,-4887,114,-2102,-1226,893,74,-168
2025-12-01T17:41:22.182313,78,47,136,250,118,173,76,49,-5401,9405,11209,-5015,-4,-2061,-1121,1007,260,-77
2025-12-01T17:41:22.205543,78,49,193,269,135,158,70,46,-5580,9356,11082,-5192,-95,-2135,-1025,1354,358,83
2025-12-01T17:41:22.228170,164,57,223,305,153,163,65,43,-5803,9303,10916,-5389,-135,-2130,-956,1806,459,263
2025-12-01T17:41:22.242603,173,65,259,311,146,132,59,52,-6062,9253,10703,-5613,-211,-2102,-826,2107,609,409
2025-12-01T17:41:22.265499,222,74,258,289,145,121,51,49,-6344,9211,10445,-5851,-308,-2147,-751,2301,759,554
2025-12-01T17:41:22.287880,244,81,290,263,137,84,44,48,-6643,9174,10143,-6103,-352,-2171,-645,2487,883,697
2025-12-01T17:41:22.302207,248,88,289,243,151,130,48,53,-6946,9134,9815,-6358,-455,-2130,-651,2590,941,755
2025-12-01T17:41:22.325423,209,100,312,205,149,153,65,58,-7239,9071,9487,-6614,-507,-2058,-597,2632,853,701
2025-12-01T17:41:22.347175,218,112,319,179,165,198,74,56,-7501,8979,9197,-6853,-509,-1891,-560,2483,640,520
2025-12-01T17:41:22.361757,200,116,314,175,186,209,78,58,-7729,8854,8959,-7074,-566,-1856,-476,2287,375,284
2025-12-01T17:41:22.385070,197,113,311,156,208,212,79,58,-7921,8721,8770,-7261,-531,-1854,-394,1980,211,112
2025-12-01T17:41:22.408310,224,114,326,147,204,212,110,57,-8092,8588,8605,-7427,-505,-1984,-269,1785,147,37
2025-12-01T17:41:22.421999,218,109,310,135,200,229,131,53,-8251,8461,8444,-7580,-422,-1954,-292,1696,145,48
2025-12-01T17:41:22.445490,243,95,273,164,201,208,133,63,-8408,8321,8308,-7711,-385,-1849,-231,1601,99,-109
2025-12-01T17:41:22.468025,227,102,262,173,198,205,141,69,-8521,8215,8211,-7805,-319,-1784,-234,1271,59,-272
2025-12-01T17:41:22.482283,233,106,263,162,185,212,140,82,-8625,8117,8147,-7861,-218,-1819,-187,1021,67,-374
2025-12-01T17:41:22.505578,227,144,322,159,161,213,119,100,-8719,8024,8100,-7902,-191,-2029,-240,940,40,-429
2025-12-01T17:41:22.535575,367,196,311,160,152,175,87,103,-8802,7913,8051,-7970,-180,-2137,-191,1041,-109,-358
2025-12-01T17:41:22.542330,426,220,328,132,136,167,87,102,-8880,7794,7999,-8053,-109,-2079,-117,1084,-178,-283
2025-12-01T17:41:22.566052,423,218,357,114,118,168,84,102,-8949,7682,7957,-8125,-33,-1956,-84,975,-176,-254
2025-12-01T17:41:22.588003,420,224,334,108,84,159,89,111,-9018,7559,7939,-8182,177,-2003,13,869,-245,-285
2025-12-01T17:41:22.602266,426,211,249,96,86,133,87,125,-9072,7463,7920,-8229,-15,-1941,38,716,-186,-310
2025-12-01T17:41:22.625499,360,163,238,98,95,139,91,158,-9116,7347,7926,-8278,176,-2091,130,672,-344,-302
2025-12-01T17:41:22.647941,281,132,255,90,87,124,81,159,-9162,7240,7930,-8318,81,-1849,112,625,-292,-354
2025-12-01T17:41:22.661864,301,133,219,96,85,108,72,166,-9163,7176,7961,-8343,14,-2116,50,324,-343,-283
2025-12-01T17:41:22.685515,295,122,214,102,92,104,72,177,-9156,7101,7965,-8411,105,-2258,149,500,-409,-47
2025-12-01T17:41:22.707710,314,106,193,107,93,84,66,180,-9152,6996,7955,-8512,112,-2184,148,738,-521,9
2025-12-01T17:41:22.722269,317,106,181,101,81,63,54,182,-9140,6885,7944,-8625,84,-2022,199,748,-595,52
2025-12-01T17:41:22.745442,390,118,116,155,82,63,59,234,-9121,6765,7933,-8749,79,-2111,286,764,-668,72
2025-12-01T17:41:22.767996,386,115,106,150,83,60,58,231,-9101,6646,7899,-8891,136,-2018,346,853,-635,219
2025-12-01T17:41:22.782278,389,118,130,148,115,58,57,215,-9096,6538,7872,-8999,290,-1911,442,694,-493,178
2025-12-01T17:41:22.813052,358,118,140,159,158,81,63,200,-9071,6490,7865,-9065,296,-1984,409,315,-324,221
2025-12-01T17:41:22.828020,315,116,166,169,170,83,67,179,-9043,6446,7854,-9134,225,-2145,369,368,-322,223
2025-12-01T17:41:22.842600,228,116,180,143,188,83,63,111,-9023,6365,7818,-9241,132,-2148,334,717,-428,227
2025-12-01T17:41:22.865567,210,119,216,161,229,87,70,150,-9001,6264,7783,-9360,174,-1863,359,762,-518,247
2025-12-01T17:41:22.887549,197,115,212,206,230,98,75,201,-8975,6177,7764,-9458,246,-1822,396,588,-481,235
2025-12-01T17:41:22.902301,187,114,296,212,230,107,82,210,-8942,6101,7759,-9542,322,-1896,434,458,-467,259
2025-12-01T17:41:22.925924,180,114,330,207,235,122,81,211,-8909,6033,7772,-9605,451,-1939,417,342,-430,241
2025-12-01T17:41:22.947643,128,105,326,211,225,121,85,206,-8886,5943,7793,-9665,584,-1939,502,353,-480,189
2025-12-01T17:41:22.962230,141,89,309,231,179,125,77,193,-8882,5841,7815,-9715,725,-1766,524,367,-429,136
2025-12-01T17:41:22.985556,165,100,348,337,165,119,84,147,-8889,5760,7857,-9722,852,-1765,522,150,-287,44
2025-12-01T17:41:23.007777,229,102,295,463,153,111,92,133,-8893,5706,7906,-9711,795,-1844,483,20,-196,13
2025-12-01T17:41:23.030399,294,107,263,532,152,95,91,136,-8902,5658,7954,-9691,867,-1724,410,9,-131,25
2025-12-01T17:41:23.045456,321,119,294,559,159,99,87,137,-8916,5639,8019,-9636,924,-1667,381,-216,0,-23
2025-12-01T17:41:23.068026,326,139,304,592,160,90,94,112,-8929,5664,8098,-9542,888,-1706,309,-478,170,-76
2025-12-01T17:41:23.090968,356,135,255,609,172,85,88,101,-8943,5712,8184,-9426,834,-1725,227,-592,259,-135
2025-12-01T17:41:23.105483,336,132,237,542,163,65,77,106,-8956,5781,8280,-9287,778,-1740,95,-704,333,-198
2025-12-01T17:41:23.135569,299,127,269,651,161,70,83,86,-8969,5868,8379,-9130,725,-1795,11,-790,407,-250
2025-12-01T17:41:23.150609,284,106,242,686,172,70,112,77,-8971,5975,8483,-8961,613,-1786,-76,-896,433,-268
2025-12-01T17:41:23.164749,287,83,246,832,239,108,117,77,-8948,6116,8612,-8764,519,-1795,-220,-1160,441,-287
2025-12-01T17:41:23.188010,242,79,253,910,290,120,122,74,-8879,6283,8773,-8553,324,-1837,-414,-1406,306,-290
2025-12-01T17:41:23.210759,221,78,257,1047,348,139,123,53,-8811,6448,8923,-8343,137,-1800,-399,-1635,285,-296
2025-12-01T17:41:23.225464,195,80,213,1067,355,157,129,51,-8711,6613,9093,-8133,-28,-1729,-429,-1773,126,-267
2025-12-01T17:41:23.246249,202,95,245,1122,363,187,130,61,-8577,6804,9298,-7883,-257,-1645,-453,-2156,79,-319
2025-12-01T17:41:23.270435,181,92,230,1112,337,229,135,62,-8411,6994,9529,-7614,-493,-1625,-359,-2383,-58,-384
2025-12-01T17:41:23.293079,160,84,221,1061,342,255,156,67,-8214,7205,9770,-7321,-583,-1670,-296,-2643,-75,-343
2025-12-01T17:41:23.308029,157,80,207,963,328,288,200,73,-7993,7436,10008,-7007,-581,-1782,-235,-2840,-42,-271
2025-12-01T17:41:23.330183,157,77,197,872,357,343,248,94,-7771,7685,10228,-6661,-678,-2004,-276,-2979,138,-265
2025-12-01T17:41:23.344778,108,55,133,774,358,358,265,96,-7536,7931,10415,-6345,-715,-2220,-306,-2847,108,-91
2025-12-01T17:41:23.368064,90,53,106,602,385,389,272,100,-7282,8177,10582,-6046,-554,-2264,-323,-2805,34,70
2025-12-01T17:41:23.390462,79,49,87,500,354,389,279,99,-7018,8420,10734,-5749,-459,-2210,-514,-2788,36,143
2025-12-01T17:41:23.405201,65,46,77,411,325,367,263,96,-6716,8660,10890,-5452,-355,-2451,-604,-2911,-125,207
2025-12-01T17:41:23.427492,47,39,60,315,291,309,223,78,-6377,8915,11029,-5163,-182,-2545,-707,-3015,-226,420
2025-12-01T17:41:23.449736,43,39,53,237,287,287,203,65,-6050,9152,11129,-4922,-41,-2751,-951,-2696,-272,572
2025-12-01T17:41:23.464272,35,31,44,211,239,222,210,64,-5755,9368,11185,-4737,66,-2854,-1017,-2285,-284,707
2025-12-01T17:41:23.487613,43,33,43,193,221,247,203,64,-5495,9558,11208,-4611,134,-2850,-1024,-1851,-326,788
2025-12-01T17:41:23.509589,59,34,41,151,203,251,194,77,-5269,9722,11219,-4503,308,-2782,-1034,-1618,-287,736
2025-12-01T17:41:23.524026,61,35,39,146,186,253,192,79,-5145,9843,11194,-4444,413,-2807,-1045,-1403,-146,643
2025-12-01T17:41:23.547672,71,33,34,156,154,238,199,92,-5096,9936,11143,-4422,496,-2915,-1062,-966,-10,610
2025-12-01T17:41:23.570487,77,36,35,172,145,207,176,92,-5133,9974,11077,-4459,457,-2850,-1086,-284,74,427
2025-12-01T17:41:23.584474,76,35,48,240,129,135,149,89,-5225,9970,10998,-4558,239,-2690,-1218,366,115,252
2025-12-01T17:41:23.607460,75,47,171,238,106,125,135,77,-5344,9933,10909,-4710,152,-2514,-1252,857,37,196
2025-12-01T17:41:23.630434,81,78,239,249,98,138,124,72,-5480,9880,10813,-4883,132,-2323,-1141,1089,16,180
2025-12-01T17:41:23.644698,101,91,298,301,103,154,82,53,-5664,9818,10680,-5088,30,-2289,-1012,1455,167,213
2025-12-01T17:41:23.667985,145,95,319,306,126,154,68,41,-5893,9749,10507,-5317,-101,-2246,-933,1984,302,335
2025-12-01T17:41:23.689988,153,118,395,260,153,148,62,38,-6166,9671,10288,-5571,-185,-2124,-878,2339,452,427
2025-12-01T17:41:23.705041,183,118,375,256,158,134,59,43,-6465,9581,10036,-5841,-323,-2101,-835,2583,542,456
2025-12-01T17:41:23.728367,194,115,345,241,174,111,54,56,-6779,9475,9757,-6124,-410,-2105,-750,2772,588,479
2025-12-01T17:41:23.750559,214,121,332,160,183,100,59,76,-7099,9353,9458,-6411,-481,-2034,-616,2892,601,486
2025-12-01T17:41:23.764367,208,120,347,126,181,122,59,76,-7403,9224,9163,-6677,-528,-1866,-516,2792,592,423
2025-12-01T17:41:23.788086,252,107,293,131,166,136,65,76,-7681,9093,8896,-6899,-501,-1739,-395,2513,561,280
2025-12-01T17:41:23.810237,239,120,350,199,176,151,72,73,-7931,8968,8678,-7058,-541,-1643,-341,2111,561,43
2025-12-01T17:41:23.824577,233,134,389,218,203,157,80,66,-8140,8855,8515,-7159,-549,-1730,-393,1662,490,-146
2025-12-01T17:41:23.847872,204,125,363,227,207,180,87,49,-8287,8777,8377,-7248,-543,-1969,-373,1354,393,-266
2025-12-01T17:41:23.870357,179,136,345,232,218,173,86,48,-8413,8693,8252,-7348,-482,-2076,-368,1331,236,-210
2025-12-01T17:41:23.884749,118,134,329,229,231,192,90,53,-8546,8567,8138,-7468,-362,-1984,-313,1507,53,-246
2025-12-01T17:41:23.908017,104,131,271,183,229,196,115,56,-8664,8436,8058,-7568,-317,-1931,-265,1339,-54,-361
2025-12-01T17:41:23.930737,100,118,240,154,206,197,111,62,-8762,8321,7992,-7652,-266,-1977,-198,1141,-70,-330
2025-12-01T17:41:23.942615,225,122,248,140,199,169,103,90,-8853,8213,7932,-7725,-187,-2096,-198,1084,-60,-305
2025-12-01T17:41:23.967536,246,115,268,133,172,177,108,101,-8936,8098,7880,-7804,-196,-2068,-172,1080,-140,-315
2025-12-01T17:41:23.990366,244,118,264,125,140,151,103,108,-9004,7975,7838,-7895,-115,-2053,-141,1072,-266,-240
2025-12-01T17:41:24.013457,272,111,243,109,133,154,68,111,-9055,7862,7813,-7973,-53,-1962,-111,916,-304,-229
2025-12-01T17:41:24.026716,339,103,203,98,115,167,66,112,-9085,7767,7813,-8033,24,-1954,-68,674,-341,-204
2025-12-01T17:41:24.049673,287,97,255,93,97,166,66,107,-9099,7683,7821,-8089,-41,-2052,-64,578,-361,-209
2025-12-01T17:41:24.072580,292,95,220,90,93,151,58,115,-9113,7572,7829,-8172,-5,-2127,3,717,-514,-180
2025-12-01T17:41:24.087670,310,95,204,84,104,147,56,109,-9129,7438,7830,-8275,43,-2030,24,858,-596,-145
2025-12-01T17:41:24.110672,295,95,210,85,92,122,57,111,-9146,7289,7829,-8389,121,-1991,165,890,-661,-107
2025-12-01T17:41:24.132810,260,91,227,91,77,96,54,121,-9181,7132,7826,-8488,202,-1798,294,855,-592,-178
2025-12-01T17:41:24.147341,281,91,157,94,72,87,56,128,-9186,7038,7849,-8538,159,-1845,187,445,-447,-171
2025-12-01T17:41:24.170545,285,107,151,106,72,83,53,178,-9167,6952,7892,-8591,206,-2233,247,325,-556,-117
2025-12-01T17:41:24.193073,291,101,161,103,58,69,52,185,-9162,6838,7881,-8696,235,-2140,371,682,-556,78
2025-12-01T17:41:24.207292,345,107,145,102,62,60,46,200,-9171,6713,7864,-8799,399,-1956,397,742,-513,105
2025-12-01T17:41:24.230450,323,115,151,99,120,81,61,198,-9170,6634,7844,-8877,317,-1946,385,536,-343,151
2025-12-01T17:41:24.253071,295,121,201,109,128,172,67,190,-9166,6571,7814,-8955,289,-2028,359,546,-266,202
2025-12-01T17:41:24.267767,288,121,221,118,135,188,70,135,-9161,6500,7777,-9044,248,-1975,352,628,-301,215
2025-12-01T17:41:24.290499,259,129,249,144,132,198,82,130,-9147,6436,7761,-9116,253,-1882,310,496,-323,176
2025-12-01T17:41:24.312867,161,135,317,177,150,209,86,103,-9129,6374,7756,-9182,289,-1870,372,404,-350,171
2025-12-01T17:41:24.327196,172,156,346,325,128,221,80,95,-9106,6323,7766,-9232,379,-1952,369,283,-327,170
2025-12-01T17:41:24.350257,247,150,380,389,122,166,74,86,-9084,6266,7782,-9279,511,-1957,371,281,-340,201
2025-12-01T17:41:24.373048,234,153,409,403,127,211,90,81,-9067,6196,7807,-9322,687,-1897,451,246,-366,208
2025-12-01T17:41:24.387272,247,176,434,442,160,217,94,83,-9059,6132,7836,-9347,748,-1920,485,178,-288,160
2025-12-01T17:41:24.410498,388,199,411,464,145,209,93,85,-9050,6081,7877,-9356,794,-1918,421,85,-242,139
2025-12-01T17:41:24.433638,396,182,391,512,147,188,89,81,-9042,6027,7924,-9358,809,-1860,427,46,-255,99
2025-12-01T17:41:24.447156,366,188,342,492,160,182,86,76,-9039,5978,7983,-9342,802,-1764,350,-23,-222,8
2025-12-01T17:41:24.470091,375,175,336,572,167,113,76,76,-9051,5937,8048,-9301,786,-1714,390,-136,-134,-116
2025-12-01T17:41:24.492601,399,160,329,625,167,91,63,69,-9074,5913,8125,-9226,749,-1641,283,-253,-23,-263
2025-12-01T17:41:24.506992,285,125,342,726,180,96,84,67,-9104,5905,8229,-9110,778,-1666,232,-472,55,-422
2025-12-01T17:41:24.530958,282,127,338,732,186,102,95,67,-9141,5919,8343,-8958,722,-1619,109,-611,178,-555
2025-12-01T17:41:24.560452,272,126,344,836,197,109,109,69,-9166,5953,8487,-8773,692,-1664,3,-843,173,-653
2025-12-01T17:41:24.567069,281,130,317,862,191,109,108,66,-9178,6040,8647,-8540,667,-1799,-16,-1227,333,-694
2025-12-01T17:41:24.590356,252,108,265,905,172,104,110,67,-9160,6158,8828,-8287,505,-1910,-148,-1458,300,-732
2025-12-01T17:41:24.612921,236,98,275,856,170,117,94,61,-9117,6288,9009,-8039,361,-2008,-224,-1528,240,-712
2025-12-01T17:41:24.627011,208,91,285,875,186,113,92,61,-9043,6425,9185,-7812,209,-1996,-240,-1573,122,-619
2025-12-01T17:41:24.650579,209,80,279,854,187,121,79,60,-8957,6560,9364,-7583,-35,-1959,-245,-1764,48,-519
2025-12-01T17:41:24.680834,172,73,279,867,190,128,81,59,-8846,6701,9546,-7360,-91,-1847,-280,-1832,-40,-428
2025-12-01T17:41:24.687650,145,74,276,892,202,137,96,54,-8719,6846,9734,-7126,-160,-2026,-266,-1947,-73,-443
2025-12-01T17:41:24.710452,130,73,218,967,217,146,103,53,-8580,6987,9906,-6920,-434,-2007,-211,-1843,-142,-339
2025-12-01T17:41:24.733029,113,63,182,921,196,229,108,50,-8414,7118,10090,-6719,-485,-1910,-243,-1903,-295,-327
2025-12-01T17:41:24.754773,89,62,162,943,223,272,127,48,-7953,7473,10511,-6234,-470,-1971,-285,-2567,-424,-149
2025-12-01T17:41:24.773978,77,59,139,930,301,321,154,51,-7662,7664,10728,-5992,-368,-2260,-330,-2640,-589,-37
2025-12-01T17:41:24.799758,67,60,135,813,336,369,193,57,-7365,7841,10916,-5792,-215,-2421,-315,-2433,-675,125
2025-12-01T17:41:24.814737,64,58,125,728,334,375,200,60,-7089,7985,11059,-5666,-145,-2489,-393,-1940,-748,281
2025-12-01T17:41:24.837320,63,57,122,723,344,366,214,60,-6838,8124,11157,-5584,39,-2446,-460,-1604,-684,472
2025-12-01T17:41:24.852004,54,54,107,587,321,350,216,60,-6614,8266,11203,-5554,195,-2453,-508,-1516,-604,578
2025-12-01T17:41:24.874758,49,48,90,470,257,370,227,63,-6420,8389,11238,-5528,334,-2479,-570,-1355,-544,576
2025-12-01T17:41:24.894366,44,42,84,462,253,340,202,59,-6256,8491,11264,-5507,477,-2493,-605,-1201,-507,561
2025-12-01T17:41:24.912212,36,35,66,358,259,351,200,59,-6118,8580,11297,-5456,718,-2399,-700,-1185,-418,515
2025-12-01T17:41:24.934522,36,31,57,253,241,327,188,61,-6000,8662,11333,-5383,606,-2369,-921,-1111,-260,353
2025-12-01T17:41:24.961680,37,29,51,223,274,315,186,59,-5891,8733,11370,-5308,585,-2451,-1066,-1057,-225,276
2025-12-01T17:41:24.972218,39,25,41,191,268,239,162,53,-5815,8798,11385,-5252,587,-2490,-1041,-876,-133,293
2025-12-01T17:41:24.994342,37,25,44,161,220,217,150,50,-5769,8859,11381,-5209,526,-2368,-1053,-661,-10,294
2025-12-01T17:41:25.013951,36,29,41,170,212,193,150,58,-5746,8917,11360,-5180,390,-2301,-1088,-473,112,270
2025-12-01T17:41:25.036502,41,29,40,167,215,191,143,54,-5751,8969,11321,-5170,296,-2266,-1108,-249,208,253
2025-12-01T17:41:25.054743,63,30,38,158,167,185,128,56,-5770,9005,11276,-5187,194,-2131,-1132,-4,199,205
2025-12-01T17:41:25.073745,65,33,37,137,157,173,109,56,-5791,9034,11225,-5222,95,-2054,-1138,136,180,195
2025-12-01T17:41:25.092193,69,34,34,134,154,181,102,57,-5814,9057,11169,-5276,72,-1977,-1107,248,126,218
2025-12-01T17:41:25.115523,69,31,31,116,125,169,88,48,-5844,9077,11107,-5339,80,-1939,-1023,306,123,245
2025-12-01T17:41:25.134380,66,35,50,140,109,149,80,45,-5892,9097,11025,-5422,46,-2009,-911,417,170,302
2025-12-01T17:41:25.152256,43,51,149,230,89,149,72,42,-5972,9120,10902,-5544,27,-2067,-753,673,250,453
2025-12-01T17:41:25.174870,64,59,175,261,95,149,63,42,-6103,9133,10728,-5716,-5,-2139,-683,1112,370,579
2025-12-01T17:41:25.201143,93,77,205,293,90,124,53,38,-6295,9135,10497,-5930,-39,-2153,-600,1595,558,677
2025-12-01T17:41:25.216447,169,137,242,311,93,100,40,37,-6535,9129,10229,-6145,-111,-2217,-561,2026,768,749
2025-12-01T17:41:25.241759,221,144,268,304,95,85,39,47,-6813,9110,9914,-6383,-194,-2208,-478,2355,905,821
2025-12-01T17:41:25.253909,237,165,290,256,103,81,62,55,-7099,9078,9581,-6621,-251,-2146,-490,2471,949,808
2025-12-01T17:41:25.276269,353,168,294,229,133,108,67,55,-7369,9035,9263,-6833,-300,-2056,-435,2341,914,698
2025-12-01T17:41:25.294699,366,190,293,182,155,145,81,57,-7609,8979,8995,-7000,-319,-1923,-514,2055,801,457
2025-12-01T17:41:25.321945,350,173,347,163,220,150,85,58,-7827,8890,8768,-7160,-422,-2092,-456,1943,568,252
2025-12-01T17:41:25.336974,337,181,381,153,229,153,91,53,-8023,8773,8570,-7325,-447,-2039,-412,1910,336,141
2025-12-01T17:41:25.354554,335,165,358,136,246,148,81,57,-8191,8642,8408,-7480,-385,-1973,-305,1738,154,44
2025-12-01T17:41:25.373993,279,169,356,129,232,158,91,61,-8323,8539,8268,-7610,-273,-1960,-165,1444,136,-36
2025-12-01T17:41:25.397018,284,139,366,148,214,131,79,61,-8449,8447,8133,-7717,-304,-2001,-164,1343,195,-85
2025-12-01T17:41:25.415405,273,122,293,170,182,149,104,61,-8568,8344,8021,-7816,-277,-2124,-190,1318,102,-174
2025-12-01T17:41:25.434068,255,102,221,186,193,156,107,62,-8665,8246,7939,-7895,-216,-1928,-139,1098,20,-210
2025-12-01T17:41:25.456493,255,91,185,188,177,162,120,61,-8739,8157,7892,-7953,-197,-1954,-132,869,-67,-279
2025-12-01T17:41:25.474714,182,75,165,195,180,140,113,61,-8807,8074,7855,-8000,-129,-2041,-145,806,-60,-277
2025-12-01T17:41:25.494570,138,68,115,183,198,136,116,79,-8872,7983,7821,-8052,-61,-2074,-116,827,-119,-249
2025-12-01T17:41:25.516516,138,55,115,145,172,118,104,97,-8925,7887,7789,-8117,-91,-2029,-71,830,-203,-212
2025-12-01T17:41:25.534874,148,56,136,134,157,223,116,107,-8975,7781,7760,-8192,-24,-2022,-7,854,-277,-176
2025-12-01T17:41:25.554144,134,62,145,156,199,268,133,104,-9012,7679,7744,-8264,38,-2008,20,760,-326,-142
2025-12-01T17:41:25.576479,120,60,152,153,222,274,141,103,-9044,7568,7748,-8328,91,-1970,14,710,-404,-203
2025-12-01T17:41:25.594421,133,58,146,149,207,279,141,91,-9067,7446,7767,-8395,86,-2005,70,672,-512,-248
2025-12-01T17:41:25.613818,130,61,149,160,227,279,135,87,-9098,7321,7777,-8461,170,-1814,205,649,-472,-216
2025-12-01T17:41:25.636570,144,70,132,159,221,198,119,86,-9123,7227,7807,-8487,175,-1918,189,401,-359,-299
2025-12-01T17:41:25.654782,179,74,152,140,176,128,83,87,-9125,7156,7834,-8520,40,-2119,193,319,-366,-232
2025-12-01T17:41:25.677336,183,74,144,144,147,122,73,86,-9137,7070,7825,-8587,218,-2196,317,537,-349,-7
2025-12-01T17:41:25.696793,173,76,139,146,153,110,70,87,-9150,6996,7810,-8647,190,-2021,261,525,-274,-5
2025-12-01T17:41:25.714665,176,72,134,135,138,100,64,82,-9151,6944,7795,-8701,108,-2059,284,414,-232,29
2025-12-01T17:41:25.737138,174,61,125,153,149,105,64,178,-9141,6884,7778,-8774,40,-2195,284,492,-333,62
2025-12-01T17:41:25.756516,136,62,169,175,214,96,60,182,-9124,6809,7742,-8882,118,-2099,376,631,-417,253
2025-12-01T17:41:25.774559,130,59,185,180,234,81,52,185,-9111,6735,7707,-8982,99,-2002,329,632,-382,209
2025-12-01T17:41:25.797157,121,62,187,176,249,122,54,188,-9092,6660,7682,-9078,91,-2033,417,550,-428,187
2025-12-01T17:41:25.816665,111,63,190,172,265,124,92,185,-9067,6597,7668,-9161,136,-2007,378,466,-403,197
2025-12-01T17:41:25.834721,73,65,212,151,279,125,92,97,-9039,6521,7654,-9253,147,-2040,361,542,-470,209
2025-12-01T17:41:25.864232,75,83,267,122,231,124,92,100,-9007,6431,7638,-9360,143,-2025,390,611,-550,236
2025-12-01T17:41:25.876511,83,84,258,106,206,121,92,112,-8964,6345,7628,-9468,156,-1963,403,557,-587,284
2025-12-01T17:41:25.894693,92,86,268,110,214,80,93,109,-8925,6257,7615,-9574,270,-1857,481,533,-551,332
2025-12-01T17:41:25.917016,95,86,296,121,190,80,57,113,-8882,6192,7618,-9653,328,-1897,451,358,-467,316
2025-12-01T17:41:25.937057,91,83,325,117,168,105,64,120,-8834,6135,7625,-9727,351,-1958,476,295,-448,343
2025-12-01T17:41:25.954745,94,67,264,144,173,149,66,112,-8795,6059,7624,-9811,409,-1934,515,410,-478,347
2025-12-01T17:41:25.977209,112,91,308,152,170,152,66,99,-8763,5982,7627,-9884,485,-1813,530,365,-439,311
2025-12-01T17:41:25.996602,174,116,339,224,127,149,63,103,-8743,5910,7642,-9934,605,-1774,573,250,-363,259
2025-12-01T17:41:26.015298,215,139,344,268,102,153,67,97,-8729,5861,7675,-9950,687,-1812,566,55,-239,196
2025-12-01T17:41:26.037252,254,148,338,421,97,145,65,89,-8719,5821,7722,-9946,746,-1813,581,-76,-192,143
2025-12-01T17:41:26.056425,293,166,333,464,115,110,73,86,-8723,5778,7783,-9920,795,-1829,587,-146,-162,8
2025-12-01T17:41:26.074723,307,164,297,488,132,125,78,84,-8744,5748,7845,-9869,813,-1829,534,-196,-23,-86
2025-12-01T17:41:26.097071,300,165,305,526,146,124,81,75,-8779,5732,7903,-9801,779,-1810,453,-208,103,-171
2025-12-01T17:41:26.116271,340,150,297,667,149,128,91,91,-8821,5735,7967,-9709,708,-1757,351,-301,197,-268
2025-12-01T17:41:26.142203,353,151,295,628,157,156,97,89,-8862,5761,8044,-9592,672,-1758,260,-451,281,-334
2025-12-01T17:41:26.157179,350,145,345,698,150,171,94,95,-8905,5807,8125,-9455,632,-1769,179,-536,369,-382
2025-12-01T17:41:26.176166,464,146,348,719,160,173,95,96,-8945,5875,8214,-9298,555,-1795,122,-680,434,-445
2025-12-01T17:41:26.194494,484,126,313,737,161,176,95,101,-8969,5974,8307,-9127,440,-1825,39,-831,491,-421
2025-12-01T17:41:26.217207,451,122,341,748,180,166,94,91,-8970,6107,8404,-8948,365,-1901,-78,-968,530,-344
2025-12-01T17:41:26.237038,447,114,351,852,212,131,107,95,-8939,6264,8502,-8776,189,-1934,-173,-1070,477,-254
2025-12-01T17:41:26.254721,479,107,302,871,213,103,105,90,-8877,6439,8602,-8613,123,-1922,-169,-1201,411,-118
2025-12-01T17:41:26.276859,386,108,304,933,228,81,103,87,-8788,6643,8696,-8453,1,-1881,-222,-1330,422,17
2025-12-01T17:41:26.296748,360,121,306,974,224,79,106,83,-8674,6874,8781,-8298,-105,-1831,-238,-1456,435,154
2025-12-01T17:41:26.314859,448,214,298,956,221,87,106,77,-8545,7113,8856,-8149,-213,-1826,-252,-1496,431,212
2025-12-01T17:41:26.344450,474,228,265,877,202,94,85,67,-8424,7328,8947,-7982,-303,-1742,-320,-1637,374,208
2025-12-01T17:41:26.356479,476,227,264,820,208,91,86,63,-8294,7553,9050,-7791,-336,-1709,-347,-1802,401,161
2025-12-01T17:41:26.374533,458,220,284,826,212,98,88,66,-8129,7791,9178,-7578,-337,-1748,-536,-2049,324,172
2025-12-01T17:41:26.397400,454,218,280,829,241,105,86,66,-7940,8051,9314,-7335,-299,-1821,-559,-2294,361,196
2025-12-01T17:41:26.416514,385,147,241,952,265,112,91,73,-7750,8317,9442,-7074,-261,-1780,-682,-2352,445,205
2025-12-01T17:41:26.434546,392,139,234,961,272,121,110,72,-7559,8590,9565,-6784,-317,-1732,-721,-2458,564,154
2025-12-01T17:41:26.457296,374,136,221,996,278,137,124,77,-7351,8858,9688,-6487,-444,-1774,-729,-2534,521,149
2025-12-01T17:41:26.476164,363,136,177,936,293,185,133,73,-7114,9137,9800,-6187,-610,-1856,-735,-2651,491,251
2025-12-01T17:41:26.502322,354,131,164,877,346,265,151,77,-6845,9431,9900,-5884,-696,-2025,-685,-2802,464,393
2025-12-01T17:41:26.517342,318,106,129,676,331,368,205,80,-6548,9747,9986,-5552,-826,-2248,-833,-3036,554,486
2025-12-01T17:41:26.537051,222,82,103,620,388,390,216,80,-6221,10040,10076,-5235,-796,-2317,-848,-3055,353,494
2025-12-01T17:41:26.554785,108,62,91,517,432,408,213,73,-5862,10288,10187,-4945,-681,-2392,-937,-3037,23,395
2025-12-01T17:41:26.576927,100,60,81,474,408,447,224,79,-5462,10513,10313,-4658,-536,-2449,-889,-3176,-206,368
2025-12-01T17:41:26.596566,67,49,65,407,362,438,222,73,-5101,10710,10413,-4389,-370,-2734,-982,-2921,-144,348
2025-12-01T17:41:26.614481,65,49,60,306,365,388,196,71,-4794,10865,10481,-4188,-219,-3113,-1140,-2391,-217,376
2025-12-01T17:41:26.637271,50,43,51,274,298,404,182,69,-4536,10992,10518,-4049,-128,-3091,-1218,-1906,-274,433
2025-12-01T17:41:26.656514,58,43,47,224,228,404,188,70,-4307,11100,10540,-3947,16,-3034,-1309,-1615,-326,461
2025-12-01T17:41:26.674643,75,39,45,185,235,365,183,69,-4194,11161,10526,-3934,183,-3010,-1350,-1318,-335,470
2025-12-01T17:41:26.696661,81,35,40,171,221,334,213,73,-4155,11183,10501,-3977,224,-2950,-1312,-746,-338,375
2025-12-01T17:41:26.719750,83,67,44,179,219,301,197,68,-4184,11172,10470,-4060,195,-2646,-1314,-146,-275,243
2025-12-01T17:41:26.734862,115,99,46,177,197,239,199,74,-4285,11135,10428,-4165,252,-2397,-1343,400,-145,150
2025-12-01T17:41:26.757229,229,169,68,241,179,199,192,84,-4429,11077,10376,-4294,116,-2189,-1419,848,-42,35
2025-12-01T17:41:26.775019,389,181,136,250,177,136,176,82,-4602,11009,10301,-4464,56,-2129,-1457,1230,-51,82
2025-12-01T17:41:26.792636,492,188,161,243,160,124,124,80,-4816,10936,10194,-4658,67,-2050,-1328,1557,47,166
2025-12-01T17:41:26.816883,511,185,198,238,147,122,108,76,-5058,10879,10045,-4855,-110,-2100,-1163,1866,265,289
2025-12-01T17:41:26.839455,521,176,267,289,159,150,88,70,-5353,10824,9848,-5063,-247,-2025,-1214,2198,504,394
2025-12-01T17:41:26.854767,523,121,277,243,193,154,73,61,-5666,10747,9628,-5303,-453,-2067,-1095,2455,468,407
2025-12-01T17:41:26.877223,454,115,271,242,183,153,76,62,-5981,10654,9393,-5559,-586,-2080,-989,2578,419,418
2025-12-01T17:41:26.899726,371,110,283,246,195,139,64,60,-6291,10548,9152,-5816,-644,-2042,-869,2606,388,404
2025-12-01T17:41:26.915457,358,114,287,233,229,124,50,59,-6617,10426,8899,-6062,-665,-2029,-860,2705,468,338
2025-12-01T17:41:26.937147,369,121,264,169,242,91,53,63,-6956,10280,8632,-6312,-734,-2005,-659,2839,474,289
2025-12-01T17:41:26.959770,343,127,286,157,244,93,73,60,-7301,10115,8359,-6553,-718,-1895,-662,2920,493,219
2025-12-01T17:41:26.974746,330,168,407,149,269,120,79,61,-7616,9950,8121,-6743,-669,-1618,-683,2614,486,42
2025-12-01T17:41:26.997233,349,204,456,136,266,159,82,65,-7867,9796,7955,-6876,-664,-1649,-680,2050,334,-179
2025-12-01T17:41:27.019635,343,216,448,144,283,177,96,77,-8074,9639,7843,-6987,-650,-1862,-633,1729,135,-321
2025-12-01T17:41:27.034653,323,232,491,138,267,218,110,77,-8269,9462,7739,-7116,-592,-2087,-658,1779,-29,-310
2025-12-01T17:41:27.057222,354,226,480,136,247,270,113,79,-8452,9262,7636,-7274,-575,-2026,-589,1882,-217,-268
2025-12-01T17:41:27.079705,328,211,379,124,227,275,120,79,-8610,9060,7555,-7427,-430,-1802,-410,1730,-340,-275
2025-12-01T17:41:27.094754,272,179,318,127,234,268,138,76,-8720,8900,7501,-7544,-318,-1742,-329,1421,-322,-343
2025-12-01T17:41:27.117193,277,160,310,131,175,268,137,67,-8816,8771,7472,-7613,-294,-1782,-310,1108,-216,-436
2025-12-01T17:41:27.144296,289,135,215,140,181,252,130,64,-8893,8640,7468,-7677,-341,-1934,-366,1030,-330,-520
2025-12-01T17:41:27.154483,232,136,205,144,183,204,128,67,-8956,8482,7502,-7745,-152,-1958,-348,990,-558,-555
2025-12-01T17:41:27.177236,265,107,194,157,188,201,123,70,-9005,8318,7548,-7822,-132,-1912,-337,963,-675,-541
2025-12-01T17:41:27.199649,284,115,211,161,192,195,101,75,-9041,8146,7600,-7911,-14,-1920,-185,905,-775,-457
2025-12-01T17:41:27.214643,291,114,209,148,187,222,95,75,-9062,7986,7652,-7998,39,-1945,-136,807,-777,-365
2025-12-01T17:41:27.237267,291,101,187,142,188,205,86,77,-9080,7835,7701,-8081,158,-1966,-19,716,-735,-288
2025-12-01T17:41:27.261694,277,97,187,137,191,193,69,71,-9089,7710,7741,-8153,87,-1922,-2,607,-634,-247
2025-12-01T17:41:27.274367,267,98,204,123,175,176,62,135,-9095,7577,7778,-8235,144,-1969,100,619,-680,-205
2025-12-01T17:41:27.297512,304,86,197,114,147,168,64,146,-9106,7439,7806,-8321,146,-1993,141,678,-664,-193
2025-12-01T17:41:27.319757,306,87,212,110,139,107,60,176,-9133,7291,7816,-8413,304,-1934,361,704,-601,-126
2025-12-01T17:41:27.334410,306,98,270,98,126,103,59,192,-9168,7190,7829,-8450,239,-1950,306,466,-328,-250
2025-12-01T17:41:27.357175,338,99,268,87,108,107,68,207,-9171,7123,7827,-8504,76,-2137,369,363,-320,-68
2025-12-01T17:41:27.379731,313,99,276,99,142,141,68,199,-9164,7052,7828,-8571,90,-2219,274,447,-395,-16
2025-12-01T17:41:27.394431,266,92,262,112,175,134,77,249,-9157,6958,7817,-8664,106,-2164,305,610,-488,44
2025-12-01T17:41:27.417204,262,99,259,112,173,131,76,252,-9145,6838,7810,-8777,241,-2298,370,716,-624,106
2025-12-01T17:41:27.439689,253,107,229,112,190,132,73,246,-9158,6723,7754,-8902,90,-1945,452,882,-438,137
2025-12-01T17:41:27.458904,232,114,248,121,228,126,64,250,-9153,6648,7708,-9003,27,-1955,431,643,-345,162
2025-12-01T17:41:27.477206,243,113,222,112,224,114,80,232,-9138,6586,7672,-9095,64,-2071,425,555,-338,200
2025-12-01T17:41:27.499564,232,118,215,108,212,115,80,196,-9126,6510,7626,-9199,92,-1965,450,659,-359,236
2025-12-01T17:41:27.514702,215,109,204,123,214,119,82,188,-9123,6433,7592,-9284,181,-1916,478,586,-329,175
2025-12-01T17:41:27.537690,198,93,203,138,212,118,87,208,-9124,6348,7546,-9379,225,-2013,615,636,-323,214
2025-12-01T17:41:27.559707,165,81,210,141,186,116,87,208,-9151,6243,7492,-9465,169,-1763,474,815,-274,50
2025-12-01T17:41:27.574712,147,78,256,146,171,109,89,225,-9168,6174,7478,-9505,201,-1698,389,472,-202,-45
2025-12-01T17:41:27.596970,143,76,275,151,173,121,94,212,-9168,6115,7496,-9529,254,-1915,375,309,-276,-62
2025-12-01T17:41:27.619713,136,107,281,150,187,125,96,195,-9166,6027,7515,-9571,369,-1844,393,423,-395,-16
2025-12-01T17:41:27.634766,122,119,281,137,177,125,91,188,-9153,5959,7561,-9592,418,-1769,433,167,-394,-32
2025-12-01T17:41:27.656736,95,123,260,135,185,129,92,193,-9139,5906,7595,-9610,531,-2015,595,105,-296,71
2025-12-01T17:41:27.679732,95,141,374,144,181,118,77,173,-9130,5867,7609,-9632,531,-1892,589,132,-176,139
2025-12-01T17:41:27.702298,96,137,376,302,177,104,64,160,-9126,5828,7624,-9647,551,-1838,613,100,-158,119
2025-12-01T17:41:27.717262,156,126,389,391,191,97,72,154,-9121,5780,7649,-9661,581,-1816,573,106,-206,81
2025-12-01T17:41:27.739990,232,120,429,501,192,99,85,132,-9124,5732,7680,-9663,669,-1786,537,93,-171,49
2025-12-01T17:41:27.762099,327,179,475,571,176,116,90,95,-9127,5707,7732,-9633,685,-1743,586,-175,-98,-27
2025-12-01T17:41:27.777185,389,200,439,629,170,120,96,91,-9128,5713,7799,-9575,732,-1852,542,-361,15,-45
2025-12-01T17:41:27.799764,422,205,442,714,200,152,97,94,-9134,5716,7866,-9512,696,-1842,508,-351,15,-107
2025-12-01T17:41:27.822813,419,230,459,744,185,156,95,94,-9143,5723,7938,-9439,669,-1794,406,-365,41,-171
2025-12-01T17:41:27.837043,460,234,448,798,202,158,85,89,-9156,5736,8017,-9351,651,-1821,361,-425,74,-241
2025-12-01T17:41:27.860466,422,210,451,895,214,161,93,99,-9166,5758,8104,-9252,663,-1772,253,-471,96,-260
2025-12-01T17:41:27.882219,449,205,391,953,223,165,83,101,-9172,5809,8210,-9120,636,-1820,188,-698,169,-331
2025-12-01T17:41:27.897544,525,233,372,1008,218,135,88,96,-9164,5885,8321,-8976,564,-1868,136,-846,212,-319
2025-12-01T17:41:27.919515,539,215,365,1103,231,128,81,96,-9131,5996,8454,-8812,435,-1841,-16,-1079,208,-317
2025-12-01T17:41:27.942000,476,220,333,1187,252,123,82,96,-9056,6139,8620,-8627,301,-1937,-143,-1381,115,-321
2025-12-01T17:41:27.957222,511,210,275,1158,241,91,69,78,-8944,6314,8791,-8444,105,-1904,-232,-1565,69,-218
2025-12-01T17:41:27.979652,480,197,299,1202,263,86,71,67,-8819,6469,8964,-8274,-61,-1776,-300,-1689,-84,-118
2025-12-01T17:41:28.002274,389,156,297,1181,246,99,68,69,-8659,6648,9153,-8092,-210,-1638,-389,-1925,-144,-41
2025-12-01T17:41:28.017099,357,160,291,1146,303,160,99,78,-8459,6835,9380,-7885,-300,-1679,-369,-2231,-305,-74
2025-12-01T17:41:28.039749,364,145,286,1118,324,250,132,80,-8248,7003,9604,-7689,-347,-1794,-108,-2210,-409,-75
2025-12-01T17:41:28.062287,292,134,276,1100,347,288,161,80,-8029,7172,9831,-7475,-400,-1744,-141,-2304,-398,-113
2025-12-01T17:41:28.077615,378,127,256,1072,423,336,171,87,-7791,7354,10067,-7233,-458,-1798,-194,-2511,-377,-130
2025-12-01T17:41:28.099192,353,129,252,999,453,369,176,81,-7562,7559,10272,-6971,-435,-1931,-140,-2566,-155,-44
2025-12-01T17:41:28.122297,350,105,223,975,423,358,173,70,-7344,7778,10431,-6723,-403,-2306,-171,-2437,1,123
2025-12-01T17:41:28.136774,338,97,204,828,399,377,168,64,-7126,8014,10555,-6482,-354,-2241,-273,-2374,114,313
2025-12-01T17:41:28.159170,328,95,186,797,413,427,164,63,-6911,8261,10647,-6250,-293,-2224,-383,-2293,201,464
2025-12-01T17:41:28.182612,112,73,146,665,330,454,157,55,-6690,8519,10731,-5995,-272,-2129,-622,-2376,292,494
2025-12-01T17:41:28.197122,95,63,135,604,334,442,152,63,-6441,8763,10833,-5726,-225,-2325,-689,-2538,164,415
2025-12-01T17:41:28.219840,72,48,96,469,315,453,149,62,-6187,8959,10935,-5506,20,-2617,-672,-2298,-115,384
2025-12-01T17:41:28.241842,62,44,79,440,303,410,137,66,-5972,9102,11011,-5356,102,-2697,-641,-1780,-233,355
2025-12-01T17:41:28.257036,57,37,64,365,304,340,126,66,-5830,9191,11046,-5286,199,-2652,-818,-1367,-234,259
2025-12-01T17:41:28.279303,57,35,56,324,282,258,135,67,-5718,9257,11077,-5228,274,-2702,-926,-1164,-216,198
2025-12-01T17:41:28.302146,54,37,55,328,229,236,168,65,-5617,9317,11098,-5187,339,-2790,-1005,-1046,-231,253
2025-12-01T17:41:28.317148,51,36,50,272,233,222,182,60,-5539,9366,11104,-5170,398,-2752,-1071,-810,-239,303
2025-12-01T17:41:28.339830,50,35,47,255,232,221,186,56,-5500,9404,11087,-5179,426,-2713,-1029,-531,-166,338
2025-12-01T17:41:28.362391,48,35,57,273,163,207,177,51,-5513,9432,11045,-5202,503,-2646,-1005,-238,-5,359
2025-12-01T17:41:28.376982,46,36,104,288,161,188,167,52,-5572,9455,10979,-5239,363,-2548,-986,57,199,306
2025-12-01T17:41:28.399664,63,54,160,272,143,181,129,46,-5689,9459,10872,-5329,246,-2642,-936,528,324,317
2025-12-01T17:41:28.421995,85,62,171,290,162,187,106,46,-5847,9453,10723,-5469,56,-2454,-1016,1081,446,358
2025-12-01T17:41:28.437199,95,110,201,273,170,151,84,43,-6035,9425,10541,-5662,-35,-2365,-931,1513,427,405
2025-12-01T17:41:28.459738,118,131,311,232,184,148,91,44,-6229,9393,10348,-5857,-105,-2256,-878,1730,420,498
2025-12-01T17:41:28.487267,164,134,320,208,202,143,92,38,-6439,9360,10130,-6062,-206,-2129,-764,1881,501,556
2025-12-01T17:41:28.497432,168,138,314,192,206,145,93,38,-6663,9311,9891,-6285,-347,-2185,-699,2064,510,558
2025-12-01T17:41:28.531179,170,141,344,165,201,89,75,37,-6908,9240,9627,-6531,-405,-2142,-617,2324,515,571
2025-12-01T17:41:28.542260,197,127,364,176,269,122,81,46,-7160,9152,9355,-6774,-441,-2014,-555,2404,531,515
2025-12-01T17:41:28.564404,186,125,337,142,270,126,70,48,-7405,9057,9093,-6992,-466,-1887,-468,2301,536,411
2025-12-01T17:41:28.579440,177,124,335,149,264,144,74,53,-7622,8968,8860,-7169,-497,-1758,-378,2008,520,303
2025-12-01T17:41:28.602263,180,129,382,159,266,140,76,56,-7818,8884,8661,-7305,-518,-1796,-356,1732,501,155
2025-12-01T17:41:28.617225,204,129,363,155,271,155,89,55,-7963,8820,8475,-7444,-506,-1910,-309,1532,383,91
2025-12-01T17:41:28.643766,199,138,372,145,227,145,88,51,-8102,8747,8298,-7578,-500,-1936,-230,1489,321,58
2025-12-01T17:41:28.662181,203,158,398,152,270,151,85,50,-8232,8678,8134,-7695,-491,-1957,-280,1431,315,6
2025-12-01T17:41:28.685186,198,160,409,139,269,192,82,58,-8353,8597,7987,-7808,-403,-1999,-236,1389,209,-7
2025-12-01T17:41:28.699769,192,157,352,117,314,211,80,56,-8468,8505,7864,-7909,-379,-1923,-241,1331,121,-110
2025-12-01T17:41:28.722276,164,163,351,123,303,205,69,62,-8561,8404,7783,-7997,-347,-1932,-195,1147,-42,-219
2025-12-01T17:41:28.744416,172,146,310,118,274,203,63,79,-8641,8299,7723,-8078,-285,-2054,-144,1045,-140,-243
2025-12-01T17:41:28.764098,203,110,198,101,215,197,68,81,-8712,8194,7679,-8150,-233,-2075,-148,969,-183,-268
2025-12-01T17:41:28.781966,230,106,152,97,225,151,71,82,-8770,8083,7652,-8224,-180,-2041,-112,909,-292,-258
2025-12-01T17:41:28.804758,244,96,151,100,144,154,80,86,-8813,7962,7652,-8296,-126,-2011,-170,868,-431,-300
2025-12-01T17:41:28.819663,272,84,128,91,131,175,86,95,-8850,7810,7679,-8376,-3,-2006,-47,829,-635,-358
2025-12-01T17:41:28.841789,269,103,130,103,128,174,85,87,-8884,7649,7713,-8456,14,-2016,-26,838,-685,-394
2025-12-01T17:41:28.864726,247,110,138,114,148,179,87,86,-8914,7483,7754,-8537,90,-2003,74,788,-733,-377
2025-12-01T17:41:28.879658,212,113,140,114,138,178,87,83,-8950,7313,7786,-8615,166,-1968,141,803,-688,-362
2025-12-01T17:41:28.902186,207,118,181,105,142,173,86,80,-8988,7151,7822,-8680,191,-1946,173,738,-639,-396
2025-12-01T17:41:28.924756,162,112,179,101,135,154,78,62,-9045,6978,7842,-8743,490,-1849,314,789,-540,-297
2025-12-01T17:41:28.940262,145,89,172,106,136,140,75,81,-9103,6848,7877,-8754,260,-1805,85,604,-349,-517
2025-12-01T17:41:28.962182,141,79,169,97,130,130,72,111,-9133,6732,7908,-8784,278,-2141,419,425,-422,-348
2025-12-01T17:41:28.984714,133,77,175,91,122,119,61,129,-9179,6641,7893,-8819,372,-2047,394,550,-167,-155
2025-12-01T17:41:28.999748,123,69,138,94,124,76,44,140,-9210,6569,7881,-8851,263,-1953,321,478,-156,-136
2025-12-01T17:41:29.022228,137,69,151,96,125,60,41,171,-9219,6509,7878,-8889,210,-2140,304,421,-223,-78
2025-12-01T17:41:29.044679,132,65,157,86,148,65,45,195,-9217,6433,7859,-8963,197,-2067,341,569,-340,55
2025-12-01T17:41:29.059770,131,76,217,85,130,73,48,204,-9221,6344,7823,-9053,259,-1948,397,696,-333,133
2025-12-01T17:41:29.082060,136,90,221,99,142,106,63,222,-9225,6272,7788,-9129,253,-1863,427,577,-260,131
2025-12-01T17:41:29.104742,136,100,255,98,150,109,66,223,-9225,6211,7758,-9196,245,-1927,417,523,-227,128
2025-12-01T17:41:29.123967,122,112,276,123,164,123,71,214,-9236,6135,7731,-9258,330,-1837,436,560,-233,78
2025-12-01T17:41:29.142428,130,116,307,151,166,128,68,190,-9246,6070,7723,-9298,396,-1809,397,427,-202,38
2025-12-01T17:41:29.164657,135,116,306,229,202,135,75,175,-9251,6008,7734,-9325,543,-1896,463,299,-219,46
2025-12-01T17:41:29.179605,130,117,321,399,202,128,87,144,-9247,5963,7760,-9336,625,-1918,416,164,-186,72
2025-12-01T17:41:29.202367,141,125,328,505,205,137,99,142,-9239,5920,7792,-9344,742,-1953,485,91,-196,125
2025-12-01T17:41:29.224738,174,117,323,570,222,128,97,126,-9232,5880,7826,-9348,795,-1890,457,70,-169,143
2025-12-01T17:41:29.239654,170,138,345,659,216,123,100,121,-9209,5854,7878,-9343,722,-1919,479,-96,-221,124
2025-12-01T17:41:29.261919,173,136,345,756,200,116,101,110,-9187,5829,7927,-9340,713,-1901,420,-60,-208,125
2025-12-01T17:41:29.284877,259,154,335,776,197,102,94,101,-9163,5811,7990,-9320,735,-1697,346,-172,-198,88
2025-12-01T17:41:29.300137,288,149,305,827,197,89,85,91,-9136,5814,8071,-9274,676,-1688,308,-368,-153,7
2025-12-01T17:41:29.322277,309,154,297,916,178,78,87,88,-9103,5845,8169,-9202,572,-1780,277,-576,-104,-79
2025-12-01T17:41:29.344442,377,157,323,955,175,76,85,77,-9060,5884,8285,-9116,514,-1904,215,-681,-137,-152
2025-12-01T17:41:29.359733,409,174,317,1001,189,69,74,70,-9009,5929,8406,-9026,548,-2024,228,-759,-154,-126
2025-12-01T17:41:29.382230,385,173,316,980,201,64,61,66,-8961,5978,8508,-8945,521,-1943,185,-689,-95,-77
2025-12-01T17:41:29.404638,368,191,327,945,197,66,57,66,-8914,6042,8596,-8864,322,-1880,72,-654,-23,-100
2025-12-01T17:41:29.419660,362,198,325,922,193,71,56,63,-8851,6115,8689,-8787,145,-1746,-1,-704,-74,-111
2025-12-01T17:41:29.442525,339,184,267,904,216,86,64,65,-8770,6203,8811,-8684,183,-1640,-21,-976,-117,-120
2025-12-01T17:41:29.464759,303,203,237,785,195,84,68,63,-8688,6308,8951,-8547,173,-1717,51,-1244,-65,-225
2025-12-01T17:41:29.479700,298,197,274,805,214,88,74,59,-8586,6441,9089,-8403,32,-1711,-25,-1372,-18,-167
2025-12-01T17:41:29.501831,371,181,271,905,262,88,75,56,-8479,6582,9243,-8233,102,-1728,-111,-1524,6,-211
2025-12-01T17:41:29.524754,351,181,286,861,275,88,80,56,-8369,6726,9400,-8049,-51,-1734,-152,-1666,19,-173
2025-12-01T17:41:29.539448,299,190,265,918,278,78,74,55,-8252,6895,9548,-7850,-44,-1846,-178,-1781,127,-95
2025-12-01T17:41:29.562174,306,151,267,932,285,82,73,57,-8116,7079,9688,-7654,-122,-1869,-190,-1848,120,20
2025-12-01T17:41:29.592732,288,137,215,993,265,80,71,59,-7970,7285,9820,-7444,-274,-1889,-357,-1950,204,75
2025-12-01T17:41:29.599738,241,128,213,954,224,146,78,57,-7784,7486,9966,-7245,-190,-2035,-253,-2055,-8,172
2025-12-01T17:41:29.630424,247,111,205,1005,237,174,89,58,-7606,7700,10084,-7043,-216,-2106,-324,-2024,138,251
2025-12-01T17:41:29.644345,259,108,215,949,254,200,115,68,-7416,7918,10191,-6846,-296,-2182,-398,-2019,127,331
2025-12-01T17:41:29.667216,239,108,224,996,301,275,145,73,-7178,8141,10307,-6663,-345,-2395,-251,-2180,-93,459
2025-12-01T17:41:29.682325,228,100,228,936,320,341,149,70,-6938,8348,10416,-6490,-281,-2395,-251,-2107,-144,473
2025-12-01T17:41:29.704739,139,107,251,896,376,352,165,69,-6709,8536,10519,-6316,-304,-2401,-333,-2026,-127,389
2025-12-01T17:41:29.727223,107,104,231,845,377,390,171,68,-6495,8696,10616,-6158,-216,-2423,-407,-1850,-170,330
2025-12-01T17:41:29.742884,168,80,207,832,374,393,185,65,-6286,8822,10728,-6000,-34,-2521,-430,-1804,-264,167
2025-12-01T17:41:29.764754,175,75,186,758,408,386,181,64,-6108,8924,10831,-5846,92,-2574,-461,-1641,-199,74
2025-12-01T17:41:29.787255,176,70,167,690,409,356,181,62,-6021,8973,10872,-5784,243,-2750,-555,-1142,-158,63
2025-12-01T17:41:29.802848,177,52,96,599,360,399,186,68,-5954,9016,10890,-5753,260,-2692,-561,-909,-151,153
2025-12-01T17:41:29.824763,178,46,80,507,377,377,181,67,-5917,9045,10908,-5711,394,-2516,-770,-688,-53,95
2025-12-01T17:41:29.846789,86,43,66,375,359,385,167,63,-5855,9100,10940,-5627,208,-2319,-932,-891,58,30
2025-12-01T17:41:29.862107,67,38,55,302,288,346,161,59,-5781,9162,10978,-5527,376,-2330,-993,-1007,23,110
2025-12-01T17:41:29.884820,102,47,55,261,259,327,192,79,-5731,9206,11007,-5448,360,-2344,-1085,-787,39,59
2025-12-01T17:41:29.907323,104,45,46,225,246,236,175,78,-5696,9238,11017,-5410,249,-2243,-1224,-440,16,73
2025-12-01T17:41:29.922271,102,43,45,177,238,262,195,82,-5667,9256,11018,-5408,261,-2175,-1222,-219,-89,125
2025-12-01T17:41:29.952903,102,41,41,169,227,239,181,78,-5649,9276,11006,-5416,317,-2051,-1155,-132,-69,207
2025-12-01T17:41:29.967328,103,43,44,161,197,238,170,78,-5643,9307,10984,-5414,337,-2002,-1092,-145,30,250
2025-12-01T17:41:29.982213,63,35,42,208,186,228,126,56,-5663,9336,10943,-5427,272,-2145,-987,-53,127,256
2025-12-01T17:41:30.004751,51,37,170,245,182,219,117,47,-5736,9345,10862,-5497,135,-2271,-947,406,229,252
2025-12-01T17:41:30.027280,54,43,212,272,82,120,60,41,-5855,9334,10732,-5643,30,-2345,-922,964,240,352
2025-12-01T17:41:30.042729,57,53,218,265,78,126,56,40,-6027,9307,10548,-5851,-26,-2286,-772,1491,319,479
2025-12-01T17:41:30.064565,185,63,245,262,86,134,54,35,-6232,9271,10334,-6070,-148,-2301,-667,1889,423,552
2025-12-01T17:41:30.087224,192,64,264,219,134,150,53,43,-6460,9226,10097,-6294,-266,-2209,-656,2061,529,547
2025-12-01T17:41:30.110457,227,64,261,194,155,150,52,46,-6701,9161,9848,-6529,-353,-2261,-570,2216,517,504
2025-12-01T17:41:30.124672,276,124,323,171,168,149,50,50,-6952,9071,9584,-6780,-398,-2234,-552,2406,486,477
2025-12-01T17:41:30.146640,283,162,355,170,179,117,48,55,-7208,8962,9307,-7039,-427,-2168,-407,2521,457,461
2025-12-01T17:41:30.162229,250,167,384,175,189,99,45,61,-7459,8840,9030,-7288,-428,-2086,-331,2518,440,404
2025-12-01T17:41:30.184164,262,171,395,175,172,123,53,57,-7696,8710,8769,-7513,-455,-1977,-289,2394,400,306
2025-12-01T17:41:30.207313,309,177,395,185,167,139,67,57,-7914,8595,8541,-7681,-382,-1829,-182,2038,463,161
2025-12-01T17:41:30.222209,282,151,360,175,173,205,105,55,-8109,8489,8356,-7797,-410,-1859,-237,1697,454,-26
2025-12-01T17:41:30.244827,284,114,345,171,171,213,120,54,-8255,8398,8211,-7895,-407,-1885,-185,1411,301,-188
2025-12-01T17:41:30.267215,270,107,321,170,180,232,128,52,-8377,8308,8101,-7975,-390,-2083,-206,1234,186,-271
2025-12-01T17:41:30.282113,264,112,303,170,176,245,141,53,-8502,8192,7985,-8080,-277,-2067,-141,1399,65,-197
2025-12-01T17:41:30.304442,178,113,282,150,198,245,144,53,-8643,8048,7885,-8172,-196,-1813,-176,1489,14,-358
2025-12-01T17:41:30.327207,189,103,262,149,202,202,132,54,-8752,7922,7829,-8234,-167,-1733,-68,1102,-65,-422
2025-12-01T17:41:30.341868,207,121,329,145,199,194,122,82,-8841,7825,7792,-8266,-96,-1863,-39,839,-16,-400
2025-12-01T17:41:30.364737,267,131,323,137,221,179,113,101,-8916,7739,7774,-8283,-83,-1971,-87,713,-36,-429
2025-12-01T17:41:30.387344,271,135,339,121,224,166,97,116,-8985,7638,7755,-8321,-48,-1978,-48,797,-152,-377
2025-12-01T17:41:30.402951,308,140,333,121,200,159,89,137,-9048,7526,7739,-8369,-7,-1958,0,824,-224,-346
2025-12-01T17:41:30.425376,306,141,343,117,182,151,71,147,-9112,7394,7723,-8431,133,-2082,114,891,-313,-293
2025-12-01T17:41:30.447131,304,125,280,121,171,167,72,136,-9164,7279,7710,-8488,125,-1953,72,810,-289,-249
2025-12-01T17:41:30.461962,254,114,259,156,113,159,72,134,-9198,7165,7716,-8541,131,-1993,115,691,-387,-256
2025-12-01T17:41:30.484746,275,102,228,170,110,113,64,128,-9238,7027,7719,-8610,380,-1828,194,783,-444,-147
2025-12-01T17:41:30.507722,241,84,208,160,99,103,58,127,-9288,6889,7756,-8636,400,-1905,295,567,-426,-399
2025-12-01T17:41:30.521647,234,79,149,153,114,99,54,134,-9312,6817,7780,-8644,173,-1914,267,307,-241,-307
2025-12-01T17:41:30.545419,245,82,100,145,113,65,45,154,-9326,6737,7798,-8675,112,-2092,243,422,-331,-255
2025-12-01T17:41:30.567124,270,77,85,100,114,69,41,148,-9341,6618,7785,-8762,130,-2142,365,751,-473,-118
2025-12-01T17:41:30.590645,237,75,80,75,112,66,41,143,-9369,6518,7740,-8847,337,-1878,484,733,-260,87
2025-12-01T17:41:30.604426,230,71,80,74,114,65,41,134,-9411,6458,7714,-8870,332,-1705,385,447,-19,-83
2025-12-01T17:41:30.627199,214,70,122,72,130,72,48,122,-9425,6435,7712,-8873,295,-2009,441,160,-20,-62
2025-12-01T17:41:30.650521,181,66,166,85,139,85,70,99,-9407,6419,7725,-8892,262,-2216,349,140,-169,40
2025-12-01T17:41:30.664719,126,86,198,104,187,110,80,92,-9380,6361,7723,-8963,326,-2152,397,415,-378,198
2025-12-01T17:41:30.687207,131,97,249,106,196,122,84,134,-9357,6284,7714,-9050,362,-2039,419,523,-432,231
2025-12-01T17:41:30.710226,134,108,276,112,208,165,107,149,-9334,6199,7705,-9139,395,-1897,496,507,-458,239
2025-12-01T17:41:30.724663,196,110,289,119,273,169,111,164,-9313,6121,7700,-9217,491,-1903,531,436,-405,258
2025-12-01T17:41:30.748209,199,110,283,193,281,211,136,170,-9286,6056,7711,-9277,515,-1961,495,319,-386,230
2025-12-01T17:41:30.770515,242,98,271,218,248,226,165,177,-9254,5987,7727,-9341,547,-1943,509,310,-434,246
2025-12-01T17:41:30.784720,297,133,275,364,240,226,168,159,-9234,5912,7747,-9392,662,-1803,527,276,-388,217
2025-12-01T17:41:30.807175,378,138,288,469,234,224,158,146,-9206,5866,7790,-9413,701,-1865,550,21,-328,188
2025-12-01T17:41:30.830511,376,162,288,555,152,226,155,127,-9178,5830,7824,-9434,701,-1975,543,34,-260,219
2025-12-01T17:41:30.844708,394,168,289,601,140,188,123,117,-9152,5790,7863,-9451,751,-1857,495,30,-270,215
2025-12-01T17:41:30.867236,401,171,320,713,155,157,81,117,-9125,5760,7915,-9452,740,-1831,492,-98,-257,161
2025-12-01T17:41:30.890448,385,143,323,785,173,160,75,107,-9105,5732,7973,-9440,692,-1869,468,-125,-227,59
2025-12-01T17:41:30.905936,333,138,305,758,176,123,75,96,-9092,5699,8033,-9422,701,-1806,370,-85,-218,-3
2025-12-01T17:41:30.927122,346,119,308,779,185,110,79,97,-9090,5676,8103,-9378,743,-1758,320,-187,-129,-89
2025-12-01T17:41:30.950475,342,111,306,812,185,104,91,95,-9084,5682,8190,-9304,632,-1682,247,-405,-53,-179
2025-12-01T17:41:30.964717,386,108,289,797,191,97,92,89,-9073,5703,8294,-9209,586,-1647,174,-553,-42,-252
2025-12-01T17:41:30.987209,367,100,247,777,193,86,102,81,-9040,5758,8429,-9084,496,-1755,100,-853,-43,-301
2025-12-01T17:41:31.011039,351,108,319,825,224,89,104,76,-8996,5856,8559,-8941,437,-1785,22,-1018,105,-228
2025-12-01T17:41:31.024728,331,108,309,882,244,97,102,73,-8928,5986,8690,-8797,195,-1757,-129,-1123,114,-195
2025-12-01T17:41:31.047159,325,125,311,966,268,111,100,72,-8821,6135,8838,-8653,81,-1734,-230,-1290,-2,-110
2025-12-01T17:41:31.070424,364,146,315,961,279,112,97,71,-8686,6301,9004,-8498,58,-1659,-252,-1521,-64,-51
2025-12-01T17:41:31.084711,448,155,338,989,284,116,93,80,-8545,6469,9175,-8329,-51,-1595,-189,-1782,-89,10
2025-12-01T17:41:31.106901,454,150,285,1035,288,129,107,79,-8376,6665,9363,-8135,-208,-1645,-249,-2051,-92,46
2025-12-01T17:41:31.137930,448,142,265,1074,259,167,107,74,-8188,6865,9550,-7941,-312,-1750,-226,-2118,-132,99
2025-12-01T17:41:31.144204,460,126,253,1061,238,176,122,75,-7988,7063,9728,-7753,-370,-1790,-168,-2118,-169,150
2025-12-01T17:41:31.166745,374,102,230,1084,230,225,133,65,-7787,7253,9902,-7560,-282,-1903,-118,-2122,-171,137
2025-12-01T17:41:31.188933,258,93,214,1117,253,256,139,58,-7594,7450,10071,-7337,-215,-1949,-68,-2224,-35,81
2025-12-01T17:41:31.204298,229,81,173,1045,235,281,134,55,-7407,7659,10229,-7090,-166,-2027,-151,-2305,106,82
2025-12-01T17:41:31.227227,207,88,222,964,277,339,162,59,-7212,7897,10384,-6799,-122,-2176,-226,-2560,271,101
2025-12-01T17:41:31.250836,174,88,229,854,304,389,172,59,-7024,8144,10514,-6497,-217,-2274,-333,-2543,412,140
2025-12-01T17:41:31.264751,158,84,218,771,311,421,192,66,-6823,8410,10630,-6176,-286,-2353,-581,-2656,509,224
2025-12-01T17:41:31.287269,159,76,190,583,303,428,195,65,-6582,8676,10744,-5864,-484,-2293,-825,-2720,358,313
2025-12-01T17:41:31.310520,153,72,187,544,305,452,203,65,-6283,8910,10877,-5591,-336,-2425,-904,-2729,-86,363
2025-12-01T17:41:31.324768,149,59,124,423,302,462,201,61,-5966,9105,11001,-5377,-97,-2609,-727,-2516,-403,440
2025-12-01T17:41:31.347406,114,50,77,353,289,434,192,59,-5695,9264,11094,-5207,-41,-2481,-799,-2073,-371,413
2025-12-01T17:41:31.370485,69,43,71,328,283,386,169,48,-5443,9397,11175,-5060,-66,-2488,-905,-1859,-399,370
2025-12-01T17:41:31.384269,62,41,64,284,299,372,221,68,-5208,9528,11240,-4916,93,-2588,-1008,-1774,-323,407
2025-12-01T17:41:31.410149,65,40,55,278,309,340,245,72,-5080,9627,11243,-4851,287,-2693,-965,-1378,-180,477
2025-12-01T17:41:31.429211,69,39,43,235,291,280,244,83,-5016,9706,11212,-4832,350,-2672,-1080,-855,-91,523
2025-12-01T17:41:31.443502,75,42,50,239,300,294,250,94,-4991,9762,11173,-4835,423,-2535,-1234,-481,-51,481
2025-12-01T17:41:31.466852,79,44,50,208,292,285,247,101,-4973,9794,11145,-4853,388,-2362,-1280,-297,-126,364
2025-12-01T17:41:31.490454,79,45,47,199,251,274,207,91,-4977,9805,11128,-4867,479,-2276,-1238,-203,-115,247
2025-12-01T17:41:31.505189,103,46,49,164,217,257,173,104,-5024,9801,11099,-4893,349,-2211,-1229,61,46,123
2025-12-01T17:41:31.527218,104,46,52,183,192,243,156,104,-5112,9762,11058,-4973,209,-2263,-1260,500,42,-4
2025-12-01T17:41:31.550514,96,42,50,270,144,199,132,92,-5206,9715,11005,-5083,89,-2079,-1326,788,16,4
2025-12-01T17:41:31.572999,96,49,86,263,128,200,129,84,-5292,9668,10948,-5206,89,-2004,-1208,815,-61,59
2025-12-01T17:41:31.587013,107,75,151,273,121,186,103,80,-5384,9631,10875,-5331,73,-2033,-1040,793,5,137
2025-12-01T17:41:31.609735,78,86,162,296,126,182,81,53,-5522,9608,10750,-5481,-1,-2140,-913,1054,235,289
2025-12-01T17:41:31.632995,84,91,193,309,150,148,61,32,-5718,9591,10561,-5676,-80,-2252,-866,1512,447,471
2025-12-01T17:41:31.655360,102,101,268,285,161,134,58,50,-5960,9573,10326,-5886,-191,-2312,-771,1981,625,610
2025-12-01T17:41:31.669728,133,110,302,274,192,135,65,52,-6234,9551,10048,-6114,-249,-2216,-658,2250,761,706
2025-12-01T17:41:31.692955,175,135,386,268,196,132,58,54,-6513,9528,9758,-6326,-320,-2139,-684,2269,855,691
2025-12-01T17:41:31.707705,192,131,393,244,231,152,66,65,-6788,9491,9464,-6535,-393,-2117,-620,2291,834,648
2025-12-01T17:41:31.729667,207,133,395,216,225,166,74,75,-7075,9427,9170,-6740,-438,-2087,-551,2385,819,524
2025-12-01T17:41:31.753036,209,133,409,135,239,170,75,69,-7342,9344,8902,-6926,-431,-1918,-506,2264,708,381
2025-12-01T17:41:31.767262,208,126,398,148,231,180,78,75,-7583,9252,8677,-7075,-461,-1914,-495,1999,617,179
2025-12-01T17:41:31.789785,174,86,297,165,286,217,93,81,-7803,9156,8488,-7188,-518,-1857,-460,1756,565,2
2025-12-01T17:41:31.812922,166,92,291,171,279,205,99,78,-7978,9077,8314,-7299,-490,-1930,-369,1570,467,-86
2025-12-01T17:41:31.827203,192,97,288,169,271,188,95,70,-8143,8996,8148,-7403,-400,-2111,-358,1521,422,-58
2025-12-01T17:41:31.849967,189,107,211,166,263,185,112,67,-8328,8877,7995,-7506,-491,-2017,-400,1609,327,-111
2025-12-01T17:41:31.872937,177,134,232,144,280,203,125,61,-8480,8756,7871,-7609,-340,-1919,-252,1507,155,-238
2025-12-01T17:41:31.887864,172,134,237,105,247,194,117,53,-8609,8648,7781,-7680,-344,-1782,-286,1272,117,-346
2025-12-01T17:41:31.909332,164,137,253,85,222,214,116,51,-8722,8550,7718,-7726,-264,-1949,-179,1018,95,-388
2025-12-01T17:41:31.933009,101,133,236,74,222,235,139,50,-8823,8450,7674,-7765,-258,-2053,-279,999,18,-445
2025-12-01T17:41:31.947285,107,128,241,76,211,236,125,61,-8917,8324,7646,-7821,-198,-1895,-237,1049,-167,-466
2025-12-01T17:41:31.969653,100,99,214,80,175,218,107,68,-9004,8181,7641,-7877,-50,-1912,-160,1002,-298,-479
2025-12-01T17:41:31.993085,165,120,262,86,123,205,110,77,-9080,8046,7645,-7926,19,-1923,-102,885,-313,-451
2025-12-01T17:41:32.006756,186,124,260,101,124,195,113,83,-9148,7917,7652,-7970,72,-1972,-39,807,-312,-418
2025-12-01T17:41:32.029652,194,122,259,102,116,166,88,121,-9202,7800,7660,-8016,123,-1975,-8,733,-320,-335
2025-12-01T17:41:32.053261,225,113,254,99,103,160,88,141,-9247,7683,7673,-8063,155,-2005,67,673,-363,-303
2025-12-01T17:41:32.067200,265,121,252,97,81,149,85,145,-9298,7557,7672,-8125,158,-2041,190,744,-363,-269
2025-12-01T17:41:32.089703,253,106,203,103,81,130,75,195,-9357,7444,7658,-8176,179,-1872,244,708,-248,-246
2025-12-01T17:41:32.112610,279,116,219,89,73,88,55,204,-9416,7338,7657,-8203,352,-1937,273,584,-188,-258
2025-12-01T17:41:32.127187,293,122,216,90,72,104,55,194,-9454,7267,7659,-8221,187,-2132,214,449,-149,-249
2025-12-01T17:41:32.150313,273,126,248,98,97,109,66,201,-9473,7210,7651,-8257,183,-2177,216,441,-165,-85
2025-12-01T17:41:32.172886,239,120,233,96,123,163,68,232,-9500,7126,7631,-8317,274,-2060,250,633,-235,-14
2025-12-01T17:41:32.186635,228,118,247,86,137,196,71,207,-9520,7049,7609,-8380,217,-2074,232,625,-239,3
2025-12-01T17:41:32.209693,177,93,216,101,161,205,79,209,-9534,6969,7588,-8450,264,-1982,327,584,-279,61
2025-12-01T17:41:32.232912,152,99,259,108,195,202,86,205,-9553,6875,7549,-8540,183,-2001,351,756,-305,75
2025-12-01T17:41:32.247062,150,91,230,102,201,208,110,207,-9573,6787,7521,-8612,330,-1802,364,641,-267,93
2025-12-01T17:41:32.269666,211,94,237,101,243,171,126,186,-9578,6729,7525,-8649,448,-1829,371,327,-215,79
2025-12-01T17:41:32.292938,296,110,239,109,246,200,153,190,-9573,6682,7543,-8674,495,-1977,356,228,-226,82
2025-12-01T17:41:32.307576,327,115,249,123,248,245,157,190,-9563,6628,7558,-8714,540,-2041,422,270,-277,153
2025-12-01T17:41:32.329593,350,117,240,191,250,261,152,190,-9549,6574,7573,-8757,645,-1950,401,262,-277,234
2025-12-01T17:41:32.353787,367,136,250,272,250,276,134,167,-9536,6522,7591,-8795,715,-1884,488,188,-266,246
2025-12-01T17:41:32.364928,344,133,275,328,203,280,132,146,-9511,6491,7628,-8812,693,-1911,422,19,-246,217
2025-12-01T17:41:32.388290,321,156,379,470,193,249,104,111,-9485,6461,7670,-8827,671,-1906,403,0,-264,185
2025-12-01T17:41:32.412857,314,167,406,565,196,213,100,101,-9467,6416,7717,-8837,644,-1809,458,-7,-300,85
2025-12-01T17:41:32.427141,374,161,397,689,169,196,101,100,-9451,6388,7789,-8811,640,-1683,370,-198,-242,-53
2025-12-01T17:41:32.449914,387,148,397,781,164,176,101,94,-9430,6379,7879,-8760,616,-1758,269,-341,-201,-128
2025-12-01T17:41:32.472932,431,160,431,946,207,174,85,90,-9406,6378,7977,-8697,612,-1783,238,-419,-194,-166
2025-12-01T17:41:32.495314,515,125,341,963,213,152,83,91,-9375,6397,8084,-8619,528,-1772,168,-550,-156,-211
2025-12-01T17:41:32.509615,532,116,336,1017,203,138,79,76,-9336,6434,8195,-8527,484,-1838,107,-645,-107,-221
2025-12-01T17:41:32.532216,512,117,339,1079,214,140,79,67,-9291,6494,8291,-8438,434,-1816,65,-686,-29,-130
2025-12-01T17:41:32.556293,540,127,325,1021,220,132,82,74,-9232,6595,8371,-8345,334,-1838,-34,-773,108,-10
2025-12-01T17:41:32.569687,559,133,258,985,183,123,78,71,-9151,6729,8447,-8250,175,-1869,-101,-902,145,71
2025-12-01T17:41:32.593050,460,133,264,1092,221,128,79,73,-9053,6885,8511,-8162,98,-1958,-86,-987,172,190
2025-12-01T17:41:32.615435,482,168,275,1069,225,119,71,74,-8940,7050,8571,-8084,44,-1848,-134,-1016,135,286
2025-12-01T17:41:32.629685,466,186,272,1064,229,105,66,66,-8803,7239,8632,-8001,-99,-1695,-213,-1155,150,355
2025-12-01T17:41:32.652958,449,203,269,1156,232,96,64,56,-8635,7456,8711,-7899,-164,-1710,-202,-1455,121,391
2025-12-01T17:41:32.675486,379,193,275,1166,255,97,68,66,-8468,7659,8819,-7765,-188,-1805,-266,-1684,80,332
2025-12-01T17:41:32.689699,384,201,274,1166,231,91,62,63,-8280,7874,8941,-7611,-208,-1865,-230,-1883,56,327
2025-12-01T17:41:32.712814,329,186,241,1160,228,97,68,63,-8080,8096,9069,-7440,-229,-1911,-224,-2022,68,313
2025-12-01T17:41:32.735431,322,179,225,1106,229,108,68,62,-7867,8306,9205,-7268,-316,-1982,-263,-2047,-20,274
2025-12-01T17:41:32.749329,255,153,242,1123,247,107,65,64,-7667,8509,9324,-7093,-328,-2058,-320,-1968,61,259
2025-12-01T17:41:32.772946,242,152,229,1042,221,98,58,52,-7474,8715,9423,-6916,-410,-1941,-367,-1921,155,296
2025-12-01T17:41:32.794906,220,139,199,861,224,99,68,49,-7280,8938,9512,-6713,-358,-1993,-380,-2031,295,332
2025-12-01T17:41:32.809737,194,113,162,819,244,132,77,47,-7091,9178,9577,-6496,-270,-2069,-407,-2070,448,418
2025-12-01T17:41:32.833004,144,85,161,763,257,146,78,47,-6913,9421,9626,-6262,-291,-2092,-433,-2063,587,420
2025-12-01T17:41:32.855266,151,78,180,608,250,202,101,47,-6725,9680,9678,-5986,-371,-2149,-608,-2277,725,369
2025-12-01T17:41:32.869774,145,84,189,650,248,274,130,52,-6510,9941,9740,-5690,-365,-2282,-720,-2468,685,359
2025-12-01T17:41:32.892578,184,101,193,687,245,306,135,56,-6276,10195,9808,-5376,-300,-2331,-880,-2584,654,321
2025-12-01T17:41:32.916311,201,109,220,724,246,376,157,60,-6029,10424,9865,-5109,-323,-2641,-993,-2431,428,395
2025-12-01T17:41:32.929675,213,109,216,739,238,389,167,65,-5826,10587,9891,-4955,-270,-2825,-997,-1732,118,446
2025-12-01T17:41:32.953444,230,125,243,771,243,376,158,62,-5705,10664,9876,-4961,-243,-2630,-947,-954,-185,382
2025-12-01T17:41:32.975416,384,127,247,783,247,338,137,59,-5626,10696,9872,-4991,-138,-2323,-924,-569,-260,229
2025-12-01T17:41:32.990355,369,119,257,819,266,311,131,57,-5579,10701,9888,-5002,34,-2259,-867,-502,-228,62
2025-12-01T17:41:33.012853,356,112,250,833,242,238,101,55,-5565,10692,9899,-5016,10,-2344,-845,-382,-132,-32
2025-12-01T17:41:33.042728,352,111,256,789,267,204,88,49,-5596,10670,9891,-5043,-9,-2464,-841,-153,-10,-64
2025-12-01T17:41:33.058057,342,93,265,740,265,185,79,48,-5641,10650,9865,-5085,-99,-2321,-908,71,48,-29
2025-12-01T17:41:33.073087,214,91,249,676,304,177,92,53,-5683,10639,9824,-5142,-199,-2269,-919,149,63,48
2025-12-01T17:41:33.095430,226,89,243,635,306,184,92,48,-5714,10641,9784,-5180,-155,-2007,-982,145,95,92
2025-12-01T17:41:33.109858,238,90,242,559,325,145,85,47,-5732,10637,9771,-5192,-137,-1989,-1100,28,82,-44
2025-12-01T17:41:33.132910,237,93,234,553,304,152,80,45,-5758,10612,9767,-5222,-196,-2004,-1169,183,-2,-155
2025-12-01T17:41:33.162789,231,93,151,553,315,151,77,46,-5780,10574,9775,-5259,-227,-1835,-1269,298,-70,-235
2025-12-01T17:41:33.169687,272,91,152,632,292,152,63,41,-5783,10539,9794,-5291,-264,-1696,-1320,257,-119,-257
2025-12-01T17:41:33.192991,312,107,149,742,349,178,73,43,-5756,10513,9825,-5314,-304,-1612,-1335,109,-191,-246
2025-12-01T17:41:33.215503,304,104,131,772,342,206,72,41,-5717,10485,9864,-5339,-225,-1610,-1278,37,-276,-219
2025-12-01T17:41:33.229660,312,121,176,810,384,212,75,45,-5683,10455,9903,-5361,-169,-1634,-1250,25,-272,-220
2025-12-01T17:41:33.252944,310,120,181,862,394,242,83,45,-5645,10431,9941,-5378,-162,-1590,-1241,-7,-261,-187
2025-12-01T17:41:33.275472,232,111,184,811,413,316,92,42,-5609,10398,9976,-5416,-9,-1754,-1121,-11,-385,-100
2025-12-01T17:41:33.289687,148,91,184,772,387,324,94,41,-5587,10377,10008,-5420,218,-1639,-1103,-73,-259,-31
2025-12-01T17:41:33.312350,177,98,209,785,385,341,94,41,-5599,10373,10016,-5401,266,-1757,-998,-103,6,19
2025-12-01T17:41:33.335481,159,83,195,745,350,335,100,40,-5623,10390,9992,-5386,223,-1773,-1028,-15,145,170
2025-12-01T17:41:33.349680,183,85,195,685,319,310,94,39,-5634,10442,9947,-5359,125,-1727,-1121,-78,276,324
2025-12-01T17:41:33.372979,189,105,198,663,296,244,85,41,-5617,10511,9904,-5320,99,-1707,-1194,-223,259,387
2025-12-01T17:41:33.395202,206,122,198,557,243,203,68,44,-5579,10566,9882,-5291,-90,-1780,-1325,-243,139,244
2025-12-01T17:41:33.409344,183,127,159,476,227,124,65,42,-5531,10580,9889,-5302,-257,-1835,-1254,-170,-116,23
2025-12-01T17:41:33.433187,218,126,141,464,191,126,50,40,-5503,10560,9907,-5335,-200,-2003,-1195,-63,-230,-97
2025-12-01T17:41:33.455530,215,127,164,445,197,172,52,41,-5503,10520,9901,-5425,-226,-2245,-1047,180,-327,-24
2025-12-01T17:41:33.477892,208,107,161,439,177,178,48,38,-5530,10498,9872,-5494,111,-1961,-970,281,-189,188
2025-12-01T17:41:33.493026,179,84,152,397,192,201,61,34,-5568,10504,9833,-5514,190,-1917,-948,134,68,238
2025-12-01T17:41:33.515443,171,60,161,346,195,221,61,34,-5604,10535,9777,-5518,76,-1962,-969,54,233,306
2025-12-01T17:41:33.545208,112,48,147,324,191,217,79,38,-5626,10581,9714,-5519,-39,-1844,-964,11,276,355
2025-12-01T17:41:33.551966,60,29,105,266,165,194,85,40,-5644,10630,9650,-5519,-9,-1811,-1006,24,256,381
2025-12-01T17:41:33.575468,56,28,80,193,150,184,116,52,-5673,10682,9579,-5513,-7,-1813,-1056,80,335,397
2025-12-01T17:41:33.597988,53,31,77,398,119,219,114,52,-5698,10750,9499,-5493,-41,-1787,-1161,58,426,445
2025-12-01T17:41:33.612107,55,34,108,535,111,218,127,55,-5722,10817,9416,-5479,-77,-1804,-1167,84,413,453
2025-12-01T17:41:33.635506,121,39,151,601,104,232,129,52,-5740,10887,9333,-5463,-77,-1811,-1151,37,403,473
2025-12-01T17:41:33.658047,147,46,159,610,99,219,127,51,-5760,10955,9249,-5450,-104,-1827,-1150,54,406,469
2025-12-01T17:41:33.672103,152,48,172,611,88,204,99,38,-5801,11017,9160,-5431,100,-1992,-1191,112,429,517
2025-12-01T17:41:33.695128,164,48,183,506,65,143,93,37,-5850,11066,9055,-5455,-137,-2070,-1161,304,364,502
2025-12-01T17:41:33.717924,174,47,157,358,73,116,74,32,-5911,11112,8923,-5513,-146,-2143,-1067,461,320,652
2025-12-01T17:41:33.732130,144,48,177,231,70,82,54,30,-5981,11172,8759,-5578,-211,-2076,-973,539,434,787
2025-12-01T17:41:33.756159,117,40,171,219,155,102,55,28,-6060,11242,8575,-5640,-287,-2107,-876,544,538,850
2025-12-01T17:41:33.777939,107,39,161,189,168,121,59,27,-6129,11322,8388,-5685,-357,-2054,-844,455,619,850
2025-12-01T17:41:33.792656,88,39,150,157,186,123,66,29,-6197,11395,8213,-5721,-433,-2040,-870,441,619,741
2025-12-01T17:41:33.815477,65,36,151,148,197,119,64,29,-6281,11443,8043,-5776,-512,-2129,-856,590,553,638
2025-12-01T17:41:33.838139,45,29,76,142,249,120,61,28,-6393,11464,7861,-5859,-561,-2158,-825,856,493,601
2025-12-01T17:41:33.851807,43,35,136,110,233,105,53,27,-6531,11472,7662,-5954,-570,-2086,-787,1088,523,608
2025-12-01T17:41:33.874968,40,36,148,113,289,81,45,26,-6689,11472,7451,-6047,-589,-1995,-734,1223,588,581
2025-12-01T17:41:33.897945,39,35,146,119,325,69,36,37,-6856,11471,7236,-6121,-618,-1923,-684,1237,693,515
2025-12-01T17:41:33.912475,38,38,146,136,354,64,36,57,-7027,11474,7028,-6165,-657,-1877,-653,1180,817,400
2025-12-01T17:41:33.935382,49,42,189,150,345,74,44,69,-7198,11478,6830,-6183,-703,-1860,-641,1103,897,274
2025-12-01T17:41:33.958021,62,40,159,193,354,84,66,85,-7372,11480,6647,-6174,-658,-1892,-692,1074,943,164
2025-12-01T17:41:33.980443,80,52,154,195,325,87,76,93,-7552,11464,6487,-6155,-647,-1986,-761,1115,893,2
2025-12-01T17:41:33.995233,153,63,210,196,293,96,76,90,-7741,11418,6358,-6142,-605,-2037,-783,1206,733,-171
2025-12-01T17:41:34.017938,273,102,251,188,258,96,78,84,-7928,11354,6256,-6125,-516,-1904,-821,1238,613,-298
2025-12-01T17:41:34.032195,378,124,238,184,254,92,76,89,-8107,11282,6182,-6100,-456,-1860,-788,1167,528,-403
2025-12-01T17:41:34.055397,409,140,247,138,260,87,56,80,-8265,11215,6133,-6061,-384,-1899,-827,1030,464,-465
2025-12-01T17:41:34.077905,412,141,300,128,285,94,59,77,-8406,11143,6102,-6032,-323,-1886,-840,984,326,-459
2025-12-01T17:41:34.092163,402,142,287,110,301,105,71,80,-8514,11076,6104,-6002,-230,-1878,-833,785,169,-467
2025-12-01T17:41:34.114940,340,154,302,109,306,111,72,76,-8604,11008,6126,-5975,-164,-1959,-816,677,53,-472
2025-12-01T17:41:34.137935,225,145,314,93,321,117,76,70,-8671,10943,6153,-5969,-158,-2018,-855,646,-74,-376
2025-12-01T17:41:34.152106,167,130,306,88,296,117,76,71,-8733,10875,6162,-5995,-123,-1936,-742,690,-156,-202
2025-12-01T17:41:34.172402,156,139,260,87,294,117,64,71,-8770,10826,6183,-6007,-21,-1641,-644,472,-162,-163
2025-12-01T17:41:34.195787,122,157,242,116,375,104,50,77,-8785,10797,6228,-5991,-26,-1742,-603,192,-125,-248
2025-12-01T17:41:34.211451,103,145,196,113,500,104,44,84,-8803,10759,6285,-5973,0,-1898,-588,175,-165,-313
2025-12-01T17:41:34.235476,90,138,157,164,580,114,38,94,-8837,10705,6340,-5963,46,-1926,-565,298,-191,-329
2025-12-01T17:41:34.257916,83,144,152,174,616,112,39,91,-8871,10645,6393,-5962,120,-1952,-537,328,-229,-280
2025-12-01T17:41:34.272113,94,246,141,192,635,115,44,101,-8907,10584,6431,-5976,224,-1840,-404,342,-241,-137
2025-12-01T17:41:34.295326,107,321,136,181,604,119,49,123,-8930,10558,6462,-5955,211,-1747,-405,138,-46,-129
2025-12-01T17:41:34.317871,120,345,106,192,533,122,47,129,-8930,10571,6492,-5899,177,-1852,-450,-133,114,-122
2025-12-01T17:41:34.332210,121,361,96,153,457,102,45,133,-8901,10618,6521,-5826,251,-2071,-423,-418,175,8
2025-12-01T17:41:34.355863,126,425,95,152,583,109,45,143,-8861,10680,6532,-5760,66,-2089,-349,-506,232,43
2025-12-01T17:41:34.377924,114,379,82,126,565,104,40,137,-8852,10699,6534,-5737,198,-2062,-294,-181,71,124
2025-12-01T17:41:34.400035,102,325,74,159,581,131,56,120,-8824,10726,6551,-5711,195,-2073,-397,-262,11,104
2025-12-01T17:41:34.415437,88,296,71,172,627,138,63,108,-8764,10780,6575,-5674,228,-2048,-343,-536,2,194
2025-12-01T17:41:34.437925,84,296,73,174,693,176,72,97,-8707,10840,6586,-5634,278,-1937,-361,-520,70,266
2025-12-01T17:41:34.460365,71,200,71,191,628,212,90,163,-8638,10919,6597,-5573,293,-1970,-500,-611,149,274
2025-12-01T17:41:34.474563,90,214,73,216,647,224,97,170,-8550,11017,6607,-5505,340,-1920,-523,-751,164,365
2025-12-01T17:41:34.497221,91,196,70,226,620,238,102,169,-8458,11124,6607,-5432,367,-1942,-612,-763,203,431
2025-12-01T17:41:34.520281,95,289,82,216,568,234,102,176,-8351,11241,6604,-5359,357,-1888,-656,-829,198,494
2025-12-01T17:41:34.534594,93,333,77,218,464,206,97,182,-8218,11380,6604,-5270,340,-1840,-703,-1033,227,524
2025-12-01T17:41:34.558464,89,355,77,210,381,181,84,115,-8064,11537,6597,-5174,239,-2000,-792,-1179,272,568
2025-12-01T17:41:34.587861,66,359,75,208,369,185,90,99,-7906,11693,6575,-5096,137,-2077,-757,-1187,238,638
2025-12-01T17:41:34.595423,63,356,66,172,375,149,80,92,-7746,11841,6544,-5038,-50,-2230,-890,-1108,191,637
2025-12-01T17:41:34.617918,52,284,48,161,367,161,80,80,-7599,11958,6506,-5036,-97,-1951,-787,-855,-30,702
2025-12-01T17:41:34.640437,43,206,48,159,385,197,89,50,-7440,12074,6508,-4993,17,-1839,-858,-1027,-30,505
2025-12-01T17:41:34.654557,37,153,45,146,410,185,90,44,-7268,12187,6544,-4925,-171,-2057,-830,-1276,-6,244
2025-12-01T17:41:34.677862,36,94,39,105,402,168,76,41,-7173,12243,6585,-4873,-85,-2002,-732,-849,-18,45
2025-12-01T17:41:34.700365,36,78,43,117,487,202,73,42,-7108,12265,6668,-4797,-159,-1862,-749,-733,11,-363
2025-12-01T17:41:34.714833,32,56,40,120,539,188,73,43,-7062,12261,6795,-4695,-267,-1946,-757,-752,44,-768
2025-12-01T17:41:34.745316,32,44,40,145,646,160,75,49,-7064,12208,6955,-4596,-166,-1879,-698,-501,-27,-1063
2025-12-01T17:41:34.760111,35,45,45,162,744,240,95,58,-7090,12131,7176,-4416,-388,-1919,-816,-504,179,-1620
2025-12-01T17:41:34.773906,35,39,47,185,765,258,110,60,-7090,12055,7410,-4233,-224,-2198,-910,-659,95,-1633
2025-12-01T17:41:34.797329,35,36,45,178,717,242,109,63,-7163,11918,7640,-4088,-249,-2073,-876,-100,46,-1790
2025-12-01T17:41:34.820168,34,39,46,175,704,252,107,64,-7236,11742,7909,-3955,-146,-2036,-1072,-7,-150,-2020
2025-12-01T17:41:34.834427,64,174,52,151,602,251,100,100,-7317,11552,8188,-3793,-204,-1952,-1208,-9,-45,-2200
2025-12-01T17:41:34.857964,95,314,95,133,445,178,81,176,-7386,11379,8455,-3594,-359,-1792,-963,-204,132,-2204
2025-12-01T17:41:34.880496,143,423,113,100,375,145,66,217,-7416,11219,8728,-3374,69,-2002,-1157,-460,84,-2162
2025-12-01T17:41:34.894765,153,515,136,106,352,123,70,375,-7471,11065,8965,-3131,-82,-1958,-1004,-421,354,-2121
2025-12-01T17:41:34.917464,174,553,144,105,285,100,71,401,-7543,10956,9143,-2811,-268,-1697,-858,-644,908,-1997
2025-12-01T17:41:34.940492,175,548,147,102,264,89,71,479,-7586,10975,9208,-2376,-497,-2299,-852,-1383,1683,-1500
2025-12-01T17:41:34.954693,163,491,125,98,242,71,62,493,-7668,11021,9186,-1940,-589,-2425,-717,-1270,2069,-1147
2025-12-01T17:41:34.985402,125,404,110,235,244,72,59,498,-7764,11093,9090,-1566,-239,-2604,-1269,-1000,2091,-622
2025-12-01T17:41:35.000290,115,282,80,406,226,65,47,401,-7751,11065,9159,-1424,-120,-4576,-3048,-452,301,-718
2025-12-01T17:41:35.014629,80,201,64,416,188,53,40,384,-7823,11069,9007,-1892,-81,-2849,-944,1387,-918,1174
2025-12-01T17:41:35.037909,53,132,45,437,150,48,31,270,-7885,11023,8933,-2220,471,-1867,-1061,1367,-814,830
2025-12-01T17:41:35.060228,40,93,38,439,139,45,33,197,-7917,10978,8902,-2446,425,-1426,-751,905,-682,493
2025-12-01T17:41:35.074696,33,78,31,382,81,30,30,140,-7909,10950,8918,-2538,502,-1494,-738,241,-441,74
2025-12-01T17:41:35.097981,28,60,28,181,63,26,30,116,-7946,10872,8962,-2600,450,-1674,-810,426,-286,-359
2025-12-01T17:41:35.120406,30,45,25,153,45,26,31,100,-8032,10741,9025,-2664,493,-1728,-940,793,-219,-626
2025-12-01T17:41:35.134510,30,34,26,68,38,23,32,105,-8119,10597,9098,-2728,553,-1841,-1009,845,-248,-705
2025-12-01T17:41:35.158581,31,30,23,43,34,22,29,120,-8198,10456,9163,-2818,638,-1965,-1024,887,-351,-571
2025-12-01T17:41:35.180718,29,26,22,34,24,22,22,108,-8270,10326,9207,-2939,692,-1935,-1045,986,-423,-336
2025-12-01T17:41:35.194338,26,24,22,26,22,23,23,104,-8317,10222,9244,-3054,733,-1759,-1089,891,-430,-170
2025-12-01T17:41:35.218061,24,25,23,22,21,20,19,87,-8333,10147,9285,-3131,775,-1637,-1091,603,-385,-124
2025-12-01T17:41:35.240499,23,22,22,20,21,24,17,73,-8332,10094,9332,-3166,808,-1665,-1086,343,-295,-167
2025-12-01T17:41:35.254805,22,20,21,18,17,24,17,36,-8336,10044,9378,-3178,849,-1694,-1054,249,-206,-213
2025-12-01T17:41:35.277931,20,19,21,19,17,26,18,30,-8351,9993,9419,-3180,852,-1686,-1006,255,-131,-240
2025-12-01T17:41:35.300446,19,19,21,18,17,25,15,25,-8376,9945,9447,-3182,904,-1705,-962,267,-67,-186
2025-12-01T17:41:35.322958,18,17,21,17,17,24,17,24,-8403,9907,9462,-3183,916,-1671,-901,239,-29,-98
2025-12-01T17:41:35.336823,17,19,21,18,18,20,18,23,-8418,9896,9462,-3178,927,-1646,-887,119,29,33
2025-12-01T17:41:35.361110,16,19,22,18,18,21,20,22,-8421,9910,9452,-3155,962,-1637,-862,-50,89,135
2025-12-01T17:41:35.382931,18,20,22,17,20,19,20,23,-8416,9945,9434,-3116,968,-1655,-815,-212,153,188
2025-12-01T17:41:35.396634,18,18,22,19,21,19,20,23,-8402,9996,9409,-3064,953,-1710,-809,-341,205,213
2025-12-01T17:41:35.420475,19,20,20,19,22,22,19,24,-8378,10062,9379,-3005,886,-1791,-806,-464,243,227
2025-12-01T17:41:35.450580,21,20,22,19,20,23,20,20,-8344,10146,9338,-2944,764,-1876,-804,-569,284,250
2025-12-01T17:41:35.457401,21,20,22,20,20,21,18,20,-8306,10234,9292,-2891,638,-1966,-843,-582,294,239
2025-12-01T17:41:35.487943,19,19,23,19,20,20,19,18,-8267,10317,9247,-2851,576,-2023,-855,-538,253,218
2025-12-01T17:41:35.502449,19,18,22,19,19,21,20,17,-8238,10383,9206,-2829,533,-2043,-852,-420,199,176
2025-12-01T17:41:35.524758,17,17,22,18,18,18,19,15,-8214,10454,9145,-2835,515,-2014,-878,-125,76,70
2025-12-01T17:41:35.543948,16,17,20,17,19,19,18,15,-8214,10463,9129,-2855,542,-1978,-875,-21,13,22
2025-12-01T17:41:35.562586,16,18,20,18,19,19,18,16,-8217,10459,9123,-2880,576,-1945,-871,43,-41,-19
2025-12-01T17:41:35.584955,16,19,20,17,18,21,20,17,-8221,10448,9124,-2902,618,-1908,-884,62,-71,-43
2025-12-01T17:41:35.607225,17,20,23,14,19,20,19,18,-8224,10435,9129,-2924,636,-1873,-886,77,-85,-51
2025-12-01T17:41:35.622196,18,21,23,15,18,21,20,19,-8225,10423,9137,-2943,648,-1852,-923,74,-85,-52
2025-12-01T17:41:35.641125,18,21,23,16,18,19,20,19,-8225,10411,9144,-2961,638,-1824,-933,78,-78,-47
2025-12-01T17:41:35.659720,19,22,24,13,17,18,19,18,-8222,10403,9150,-2977,630,-1807,-963,75,-65,-38
2025-12-01T17:41:35.682041,20,21,23,16,18,19,18,20,-8221,10397,9155,-2989,641,-1790,-958,62,-48,-28
2025-12-01T17:41:35.701493,19,21,21,18,17,19,19,19,-8217,10395,9158,-2996,647,-1782,-961,37,-26,-18
2025-12-01T17:41:35.727087,20,20,28,18,16,20,18,19,-8216,10396,9158,-2997,647,-1787,-961,7,-4,-8
2025-12-01T17:41:35.742001,20,20,31,18,17,21,18,22,-8214,10399,9156,-2997,661,-1801,-936,-7,16,5
2025-12-01T17:41:35.762131,22,17,30,19,16,22,19,22,-8213,10406,9150,-2996,667,-1801,-917,-24,31,22
2025-12-01T17:41:35.779656,21,19,30,17,16,22,19,21,-8211,10416,9141,-2992,658,-1819,-906,-53,45,31
2025-12-01T17:41:35.800808,22,18,30,18,16,22,19,21,-8206,10430,9131,-2988,642,-1846,-919,-73,54,39
2025-12-01T17:41:35.816697,21,16,26,19,15,21,18,20,-8202,10443,9119,-2987,632,-1862,-911,-63,53,42
2025-12-01T17:41:35.837881,21,17,22,19,14,21,18,18,-8200,10455,9107,-2988,621,-1880,-913,-51,47,39
2025-12-01T17:41:35.861846,22,19,20,18,17,22,19,19,-8199,10465,9096,-2992,612,-1884,-908,-34,40,33
2025-12-01T17:41:35.881375,21,18,21,18,16,22,19,19,-8200,10472,9085,-2997,616,-1879,-908,-18,35,27
2025-12-01T17:41:35.899492,20,18,23,15,17,22,18,20,-8202,10477,9076,-3003,616,-1864,-901,-5,31,19
2025-12-01T17:41:35.926391,22,19,20,15,18,22,19,22,-8203,10482,9068,-3007,621,-1864,-916,-4,27,13
2025-12-01T17:41:35.941594,22,19,20,15,18,21,18,21,-8204,10485,9062,-3011,620,-1866,-917,-7,21,6
2025-12-01T17:41:35.964492,25,19,21,17,17,21,17,22,-8205,10488,9056,-3015,618,-1858,-908,-2,19,0
2025-12-01T17:41:35.982214,25,19,22,17,18,18,16,22,-8208,10489,9052,-3020,630,-1860,-917,10,17,-6
2025-12-01T17:41:36.001161,24,19,19,18,18,17,16,20,-8211,10488,9047,-3025,624,-1853,-909,23,13,-9
2025-12-01T17:41:36.023978,24,17,19,18,19,15,15,21,-8215,10486,9044,-3030,628,-1844,-909,21,9,-11
2025-12-01T17:41:36.042321,23,17,22,17,20,16,15,22,-8215,10487,9043,-3032,628,-1851,-893,9,10,-14
2025-12-01T17:41:36.061523,19,16,23,19,18,16,16,20,-8215,10487,9043,-3033,629,-1850,-903,6,8,-15
2025-12-01T17:41:36.083898,19,18,21,19,21,17,16,19,-8217,10486,9041,-3036,631,-1855,-909,7,8,-18
2025-12-01T17:41:36.101965,19,17,24,19,21,19,17,19,-8219,10484,9039,-3041,636,-1863,-916,17,4,-16
2025-12-01T17:41:36.121928,21,18,24,20,19,19,18,18,-8221,10483,9037,-3046,625,-1846,-918,21,3,-17
2025-12-01T17:41:36.144061,21,19,21,20,21,21,22,17,-8223,10481,9036,-3049,636,-1840,-919,19,4,-16
2025-12-01T17:41:36.162797,20,20,20,18,22,20,22,17,-8223,10481,9036,-3050,636,-1845,-900,12,6,-15
2025-12-01T17:41:36.181447,20,18,20,18,19,22,22,18,-8223,10482,9035,-3051,638,-1846,-916,13,8,-12
2025-12-01T17:41:36.204024,20,19,21,18,19,21,23,19,-8223,10482,9034,-3052,632,-1851,-899,10,9,-12
2025-12-01T17:41:36.222233,18,20,21,16,21,22,23,18,-8223,10482,9034,-3053,633,-1844,-906,11,10,-11
2025-12-01T17:41:36.241550,18,17,23,17,19,22,20,19,-8223,10482,9033,-3054,638,-1853,-904,11,10,-11
2025-12-01T17:41:36.267150,18,17,23,18,20,23,18,19,-8223,10483,9033,-3055,640,-1843,-907,7,11,-11
2025-12-01T17:41:36.282119,22,17,24,17,20,19,20,19,-8223,10483,9032,-3056,635,-1848,-906,6,11,-10
2025-12-01T17:41:36.304692,22,18,21,20,22,21,20,20,-8223,10483,9032,-3057,642,-1841,-899,7,10,-8
2025-12-01T17:41:36.324309,21,16,20,20,19,21,21,20,-8223,10483,9031,-3058,636,-1834,-899,7,13,-6
2025-12-01T17:41:36.342231,23,17,19,21,19,21,21,21,-8223,10483,9031,-3059,639,-1849,-900,2,13,-6
2025-12-01T17:41:36.364929,23,18,19,20,18,21,24,22,-8223,10484,9030,-3060,641,-1843,-904,7,12,-5
2025-12-01T17:41:36.383910,18,17,18,20,19,23,22,23,-8223,10484,9030,-3060,633,-1831,-901,6,8,-2
2025-12-01T17:41:36.402798,18,16,19,19,18,22,22,20,-8223,10484,9029,-3061,648,-1841,-900,-8,10,0
2025-12-01T17:41:36.424301,17,18,20,19,20,22,21,21,-8223,10486,9026,-3063,638,-1848,-894,-18,9,1
2025-12-01T17:41:36.444430,16,20,19,17,21,21,20,21,-8223,10486,9025,-3064,641,-1867,-888,-7,6,2
2025-12-01T17:41:36.461662,16,20,18,17,21,22,18,20,-8223,10486,9025,-3065,637,-1860,-893,3,5,0
2025-12-01T17:41:36.484378,17,21,18,18,20,20,20,20,-8224,10487,9024,-3066,636,-1854,-889,8,2,-1
2025-12-01T17:41:36.503872,17,23,19,17,19,19,20,19,-8224,10486,9023,-3067,642,-1855,-882,15,1,-4
2025-12-01T17:41:36.521722,17,23,24,17,17,18,21,20,-8224,10487,9023,-3068,648,-1850,-893,12,0,-5
2025-12-01T17:41:36.544684,17,21,22,18,17,19,24,18,-8225,10486,9022,-3068,651,-1845,-885,-1,-2,-4
2025-12-01T17:41:36.564467,16,21,23,17,18,20,23,17,-8225,10487,9022,-3069,641,-1846,-907,-8,-1,-3
2025-12-01T17:41:36.582189,16,20,22,17,19,20,23,16,-8225,10487,9021,-3070,643,-1854,-899,-5,-3,-2
2025-12-01T17:41:36.604475,16,19,22,17,20,22,25,15,-8225,10487,9020,-3071,628,-1854,-892,7,-3,-7
2025-12-01T17:41:36.623509,17,17,16,19,21,24,23,17,-8225,10487,9020,-3072,639,-1854,-889,11,-4,-6
2025-12-01T17:41:36.641798,17,18,18,17,22,22,20,18,-8226,10487,9019,-3073,649,-1857,-900,7,-7,-8
2025-12-01T17:41:36.665343,19,16,20,20,19,22,20,19,-8226,10487,9019,-3074,640,-1856,-890,3,-10,-11
2025-12-01T17:41:36.687176,18,19,20,19,18,23,21,19,-8226,10487,9018,-3075,644,-1853,-894,2,-14,-12
2025-12-01T17:41:36.702190,20,20,22,21,18,23,18,19,-8226,10487,9017,-3076,639,-1849,-891,7,-14,-12
2025-12-01T17:41:36.732192,20,21,24,20,18,22,20,19,-8226,10487,9017,-3077,636,-1854,-905,9,-16,-10
2025-12-01T17:41:36.743937,22,22,23,20,17,20,20,19,-8226,10487,9017,-3077,641,-1837,-903,8,-15,-11
2025-12-01T17:41:36.761689,21,22,25,17,18,18,20,17,-8226,10488,9016,-3078,639,-1843,-901,4,-13,-7
2025-12-01T17:41:36.784859,21,21,25,17,20,17,18,18,-8226,10488,9015,-3079,638,-1851,-897,1,-10,-4
2025-12-01T17:41:36.803978,19,20,22,17,18,16,17,20,-8226,10488,9015,-3080,640,-1844,-904,-9,-7,-3
2025-12-01T17:41:36.822005,18,21,21,17,17,17,19,19,-8226,10488,9015,-3081,636,-1844,-901,-12,-6,-4
2025-12-01T17:41:36.844657,18,19,21,17,17,21,21,20,-8226,10488,9014,-3081,640,-1846,-901,-10,-6,-3
2025-12-01T17:41:36.864064,18,19,19,19,18,21,20,20,-8227,10488,9014,-3082,648,-1849,-899,-7,-6,-3
2025-12-01T17:41:36.882207,19,19,23,20,18,23,21,19,-8227,10488,9013,-3083,651,-1846,-890,-8,-7,-2
2025-12-01T17:41:36.904671,19,19,25,20,18,22,21,20,-8227,10488,9013,-3083,644,-1842,-889,-9,-8,-2
2025-12-01T17:41:36.924303,20,17,32,20,18,21,20,18,-8227,10488,9012,-3084,644,-1836,-893,-11,-8,-3
2025-12-01T17:41:36.942258,17,19,32,19,19,20,18,19,-8228,10488,9012,-3085,643,-1850,-895,-12,-10,-2
2025-12-01T17:41:36.965560,18,20,31,22,20,20,19,21,-8228,10488,9011,-3085,647,-1845,-903,-11,-8,0
2025-12-01T17:41:36.983914,16,19,28,21,19,19,18,20,-8228,10489,9011,-3086,641,-1852,-903,-12,-7,-1
2025-12-01T17:41:37.002439,16,19,27,20,20,24,18,19,-8228,10489,9011,-3087,641,-1849,-905,-5,-10,-1
2025-12-01T17:41:37.031636,17,20,18,20,21,23,17,21,-8228,10489,9010,-3088,631,-1836,-898,-14,-10,4
2025-12-01T17:41:37.051526,16,19,19,20,21,22,17,20,-8223,10492,9010,-3089,638,-1847,-906,-32,-9,2
2025-12-01T17:41:37.062173,18,18,20,17,19,21,19,18,-8218,10496,9009,-3090,632,-1867,-901,-37,-10,2
2025-12-01T17:41:37.084771,21,17,21,21,19,21,20,16,-8216,10498,9008,-3094,634,-1863,-903,-18,-12,0
2025-12-01T17:41:37.103920,20,18,23,21,19,14,19,18,-8216,10498,9008,-3095,640,-1858,-910,-7,-16,-1
2025-12-01T17:41:37.122315,19,16,24,21,20,14,19,15,-8216,10498,9007,-3095,635,-1849,-901,-5,-16,-3
2025-12-01T17:41:37.144609,20,17,23,22,19,14,19,15,-8216,10498,9007,-3096,645,-1839,-905,-3,-12,-4
2025-12-01T17:41:37.164498,18,17,21,22,20,15,17,15,-8216,10498,9007,-3096,654,-1846,-906,-6,-8,-4
